[-76.84418887373903, 225.46735765335472, -118.37638011500685]
[375.51353132550184, 351.71367145548584, -184.22223725652697]
[41.57817236607161, -105.45131851288068, -151.86979865981422]
[-368.8865294480432, -203.62516369697767, -192.35351253222538]
[-331.53071371085883, 50.741232834246944, -167.53683086476855]
[-304.06508807616, 344.66288019083436, -165.8208947465699]
[-220.77178358384703, 326.9456287421473, -156.81758549132894]
[95.69580804382741, -167.31210085982732, -143.31011137754686]
[149.6088726040971, -127.13445660118862, -104.82314153274682]
[56.088501780629485, 395.92447358370543, -120.8896767781308]
[294.1229689978867, -317.87354362621613, 108.89134458791261]
[-391.9008346080248, 342.85881722417184, 121.34408203272795]
[-22.839394020779594, 250.42679414932502, 108.62285779303926]
[128.2404251390883, 27.519365966779503, 110.30833455552454]
[-281.84563844963657, -356.95705315785517, 100.26653495884996]
[348.14907156300103, -369.54530011779417, 100.82811986649361]
[-374.95871215661003, -332.45417772401834, 180.93675506215635]
[-66.63093221311209, -90.5722650329879, 157.15151487834694]
[281.9698152741131, 309.6461538225125, 119.34637728783797]
[-127.3812335440507, -23.099958605407323, 106.30514179346905]
