Camera [0]
1	0	-0.87266463	-0.69329314	2.6339119	167.31338
Camera [1]
1	0	-0.78539816	-0.69135545	-285.19704	-221.4605
Camera [2]
1	0	-0.6981317	-0.69098755	-393.17081	-169.01135
Camera [3]
1	0	-0.61086524	-0.69190613	-38.676246	-102.91472
Camera [4]
1	0	-0.52359878	-0.69130762	-96.988382	-43.838387
Camera [5]
1	0	-0.43633231	-0.69140507	57.803615	2.7350572
Camera [6]
1	0	-0.34906585	-0.6915276	-44.419858	-37.175725
Camera [7]
1	0	-0.26179939	-0.69411324	492.45353	-23.065222
Camera [8]
1	0	-0.17453293	-0.69454041	852.12821	13.86125
Camera [9]
1	0	-0.087266463	-0.69412855	313.50808	5.942578
Camera [10]
1	0	0	-0.69314385	0	0
Camera [11]
1	0	0.087266463	-0.69479976	293.89792	-3.8420252
Camera [12]
1	0	0.17453293	-0.69531352	492.77826	-34.073173
Camera [13]
1	0	0.26179939	-0.69633514	759.21893	-72.613184
Camera [14]
1	0	0.34906585	-0.69667676	240.92318	-121.58121
Camera [15]
1	0	0.43633231	-0.69726219	98.711132	-189.83966
Camera [16]
1	0	0.52359878	-0.69911911	168.20603	-167.93342
Camera [17]
1	0	0.61086524	-0.70163582	404.79861	-298.11933
Camera [18]
1	0	0.6981317	-0.70117046	-33.176934	-217.66501
Camera [19]
1	0	0.78539816	-0.70493091	206.05461	-241.0894
Camera [20]
1	0	0.87266463	-0.70668025	189.15741	-336.81649
