[7.855631530291532, -188.79586502663298, -186.70508733577097]
[237.4408580431832, 46.0973250634251, -157.2337206567829]
[-54.54638615328304, 252.03157762535056, -129.53942315997858]
[-371.58611674856326, 110.57246657410332, -149.3190936873146]
[24.010529166647814, 121.56102102295483, -197.6973440158218]
[-231.05053319512345, 238.75762348229875, -118.73675964085125]
[-51.31324421031013, 396.24390739203454, -195.84226020541468]
[-371.8283861037424, 224.58130164156296, -164.513176439284]
[328.71882961635674, 114.92815131967905, -136.57791768211126]
[-289.26862131748186, 265.0277701136931, -133.28729688745142]
[-345.6607627827415, -204.73741757591145, -152.42146537246353]
[-326.39342252161345, 36.26487652954165, -111.77015150568667]
[-98.57085736616466, 343.05333826181527, -159.77320873273865]
[118.04827999610211, -370.61379977840073, -110.96909503078682]
[-233.10360783620325, 56.6427658165116, -162.53769840555287]
[194.44113424030127, 21.684946774140087, -174.2068020769692]
[-301.67671502802654, 202.49739917045804, -136.17554154021454]
[26.77125636798212, 46.92591789707137, -141.38239808466807]
[-390.1598234139823, 38.393495748816406, -129.21344851978955]
[-33.119193726823596, 300.37598763324684, -198.7886121330414]
[176.86803844527117, -330.62120119173215, -177.21295210366358]
[-361.4280225714637, -348.91652998118985, -197.9984435621557]
[-236.65206857009676, -237.70770010380718, -194.06717902176885]
[106.40419238190788, 192.65251867328175, -128.68735912974205]
[211.79648072062162, -279.4087321029963, -153.84095215533927]
[11.113906933950886, 162.43926870926964, -102.70711354499717]
[-375.3879521617719, 38.88865710394748, -163.38680673131333]
[164.95208059744368, 13.192303637806617, -190.2104516727514]
[353.2715759420023, -37.24138594737843, -118.54674718968438]
[-78.29322141908028, 65.09516691100526, -156.64249327965757]
[-331.0016228263259, -302.825198700569, 70.68171755565103]
[-194.17554268553508, -22.696200337563255, 68.96126505199716]
[263.4507301033375, 300.4816337748871, 68.86665966095735]
[2.298225842191812, 16.373636152200902, 59.082074854966955]
[357.7987370000517, -28.29574161686554, 92.82243506492233]
[13.957070571687495, -105.52807631560876, 87.637447140994]
[242.2649241435921, -14.675782418301083, 52.38693449120094]
[233.2234573527802, -70.91599845629429, 98.47239398065437]
[-159.20215727365763, -310.980182689623, 51.84164532603439]
[395.80030992358365, -22.532258033683206, 65.09403869406327]
[-48.73473307451013, 341.19110157842704, 78.9647290386716]
[-292.7201766533806, 195.49587247998738, 82.54182061544228]
[-3.0746135833613266, -184.31340798911214, 90.02702540743849]
[140.7356740609198, 259.0310299101242, 75.6727755208235]
[255.98739969855444, 263.71012519774115, 55.274643501942435]
[-9.68405307637721, 85.61450934251064, 51.648247495220275]
[-168.7080872618048, -313.33755337866444, 69.56780478111239]
[-54.005433743734955, -140.82948452402013, 73.13219894641786]
[329.97454695238105, 281.6060207609884, 78.9919161723583]
[-120.38004045297299, 348.96620584120683, 74.31952861988871]
[-307.12601503823373, 314.53204833189386, 61.19995089421844]
[85.21951037724034, 113.20503812322636, 81.89863100347635]
[209.51661574865182, 139.42785908632368, 54.77075364886615]
[-60.89426872182628, -280.20728802649126, 88.64775637679944]
[-290.9258510960325, 323.3973486897762, 69.85673743438996]
[179.2680434410246, -19.54728324649153, 98.283414445984]
[243.04923899026574, 237.1463673909252, 63.89876859656025]
[344.43852008557747, 98.82642840204898, 81.61019043743528]
[-31.078116495390077, -219.83447532205585, 96.88710218436671]
[-75.91322464443266, -207.05651531204535, 65.41654422570882]
