1
0
-1.04702
1.38066
-54.2273
-18.2942
1
0
-1.02974
1.38084
-235.488
1.35312
1
0
-1.01229
1.38113
-267.767
-11.9208
1
0
-0.994838
1.38101
-203.757
2.18476
1
0
-0.977384
1.38187
-162.337
-26.2678
1
0
-0.959931
1.38096
-147.692
5.44318
1
0
-0.942303
1.38106
-96.7985
-6.93149
1
0
-0.92485
1.38168
-73.5645
-1.27813
1
0
-0.907397
1.38372
-129.395
-14.3425
1
0
-0.890118
1.38325
-123.32
2.55909
1
0
-0.87249
1.38359
-139.425
-29.1436
1
0
-0.855037
1.38339
-175.824
7.99964
1
0
-0.837584
1.38347
-86.5442
-9.37184
1
0
-0.820305
1.38322
-45.8513
-5.29697
1
0
-0.802677
1.38345
-175.915
-12.6319
1
0
-0.785224
1.38366
-181.024
16.9387
1
0
-0.76777
1.38421
-151.545
1.03613
1
0
-0.750317
1.38414
-210.072
14.7747
1
0
-0.732864
1.38407
-174.661
-36.1948
1
0
-0.71541
1.38449
-74.9646
-16.9358
1
0
-0.697957
1.38422
-113.288
-30.9241
1
0
-0.680504
1.38428
-75.7693
-19.4698
1
0
-0.663051
1.38443
-37.2651
-9.7293
1
0
-0.645597
1.38444
-46.633
10.7479
1
0
-0.628144
1.38467
138.449
-70.5706
1
0
-0.610691
1.38478
-365.482
-13.9241
1
0
-0.593237
1.38463
-190.481
19.925
1
0
-0.575784
1.38491
205.576
-5.91496
1
0
-0.558331
1.38488
-70.6884
-53.0359
1
0
-0.540878
1.3847
-307.24
0.0193501
1
0
-0.523424
1.38484
-98.3331
-3.3894
1
0
-0.505971
1.38496
68.2615
2.04544
1
0
-0.488518
1.38512
-48.2657
-24.5173
1
0
-0.471064
1.38501
-102.343
2.26603
1
0
-0.453611
1.38519
-64.187
-16.121
1
0
-0.436158
1.38518
-41.1749
-0.66115
1
0
-0.418704
1.38538
-72.9433
-26.7937
1
0
-0.401251
1.38521
-108.462
-2.95027
1
0
-0.383798
1.38583
-80.5215
-18.3707
1
0
-0.366345
1.38592
-60.7912
-2.95093
1
0
-0.348891
1.38604
-48.4359
-20.0263
1
0
-0.331438
1.38623
-51.8978
2.88828
1
0
-0.313985
1.38608
-27.1856
-22.738
1
0
-0.296531
1.38671
-58.8981
-2.31591
1
0
-0.279078
1.3863
-76.8783
-15.8635
1
0
-0.261625
1.38637
-12.8303
-3.84217
1
0
-0.244172
1.38643
-48.1627
-21.5936
1
0
-0.226718
1.38656
-30.0815
-0.0433831
1
0
-0.209265
1.38663
-28.3551
-12.876
1
0
-0.191812
1.3866
-29.4261
7.94573
1
0
-0.174358
1.38666
-23.2384
-22.9799
1
0
-0.156905
1.38677
-71.1214
-9.34421
1
0
-0.139452
1.38659
-67.7047
-22.4608
1
0
-0.121999
1.38687
-46.9154
14.304
1
0
-0.104545
1.38694
32.3219
-6.88056
1
0
-0.0870919
1.38674
-1.19868
2.92806
1
0
-0.0696386
1.38671
-45.161
-17.3201
1
0
-0.0521853
1.387
-55.5393
26.3331
1
0
-0.0347321
1.38702
39.5597
-32.1563
1
0
-0.0172788
1.38725
32.8906
-5.31586
1
0
0.000174533
1.38875
0
0
1
0
0.0174533
1.38702
48.9606
10.998
1
0
0.0349066
1.3868
-183.28
89.1801
1
0
0.0523599
1.38719
-152.515
-67.3781
1
0
0.0698132
1.38706
-33.1081
-59.5675
1
0
0.0872665
1.3871
-31.4369
18.6137
1
0
0.10472
1.38707
-49.5378
9.78548
1
0
0.122173
1.38705
-63.4165
21.9626
1
0
0.139626
1.38733
-65.847
1.97377
1
0
0.15708
1.38746
-81.0341
29.3684
1
0
0.174533
1.38735
-86.2336
6.64111
1
0
0.191986
1.38738
-80.7877
25.4568
1
0
0.20944
1.38748
-73.6523
9.18075
1
0
0.226893
1.38738
-54.2555
30.9489
1
0
0.244346
1.38761
-68.6879
13.5777
1
0
0.261799
1.38792
-129.378
27.3458
1
0
0.279253
1.38776
-54.4721
-0.919255
1
0
0.296706
1.38774
-72.3026
34.0971
1
0
0.314159
1.38794
-47.3746
16.5752
1
0
0.331613
1.38782
-52.5143
30.2689
1
0
0.349066
1.38803
-94.5813
11.5108
1
0
0.366519
1.38809
-75.304
24.6336
1
0
0.383972
1.38827
-66.5767
6.07656
1
0
0.401426
1.388
-47.9075
33.7102
1
0
0.418879
1.38811
-65.1681
13.3787
1
0
0.436332
1.38827
-72.3693
32.57
1
0
0.453786
1.38841
-49.2565
7.65707
1
0
0.471239
1.38825
-52.295
29.5839
1
0
0.488692
1.38821
-55.4329
11.7189
1
0
0.506145
1.38819
-44.7949
34.9135
1
0
0.523599
1.38844
-75.2578
16.5786
1
0
0.540878
1.38864
-52.6793
28.7927
1
0
0.558505
1.38874
-45.3459
10.5944
1
0
0.575784
1.38857
-54.0002
34.7838
1
0
0.593237
1.38866
-18.6181
13.527
1
0
0.610691
1.38835
-31.6736
36.0853
1
0
0.628144
1.38859
-40.1978
13.8567
1
0
0.645597
1.38848
-45.5827
31.6851
1
0
0.663051
1.38863
-35.6926
12.0732
1
0
0.680678
1.38888
-61.2496
34.6714
1
0
0.697957
1.38893
-45.5622
12.6616
1
0
0.71541
1.38895
3.58303
32.4431
1
0
0.732864
1.38895
-29.4379
19.496
1
0
0.750317
1.38885
-30.8743
48.79
1
0
0.76777
1.38913
-19.5884
17.7584
1
0
0.785224
1.38938
-67.3879
33.5421
1
0
0.802677
1.38898
22.4104
11.2332
1
0
0.82013
1.38896
-12.196
38.794
1
0
0.837584
1.389
-8.61487
22.9275
1
0
0.855037
1.38886
-18.8173
36.0457
1
0
0.87249
1.38835
-29.3232
21.0599
1
0
0.889943
1.38842
-3.13513
39.6931
1
0
0.907397
1.3882
-3.5179
18.6332
1
0
0.92485
1.3879
0.981285
47.1005
1
0
0.942303
1.38785
-8.32692
22.8141
1
0
0.959757
1.38771
-12.9436
41.2563
1
0
0.97721
1.3874
28.0032
17.4758
1
0
0.994663
1.38757
-2.12942
35.694
1
0
1.01212
1.38729
1.66116
20.5875
1
0
1.02957
1.38727
6.14619
40.2737
1
0
1.04702
1.38691
19.7242
18.034

