-1407.98
1582.82
-279.17
-1988.57
1389.08
-64.387
-989.416
1649.19
-331.883
-1608.89
1218.37
-230.628
-1505.7
1129.44
-280.894
-1696.89
1187.35
-81.3924
-1606.8
854.211
-267.573
-1660.89
911.301
-72.5775
-1208.08
1196.83
-7.77288
-900.287
1400.69
15.7161
-1736.87
626.901
-38.2543
-1585.55
653.161
-64.8138
-1543.03
260.856
-160.402
-1055.81
897.932
10.294
-925.222
442.839
-370.557
-1779.73
152.415
-47.5311
-1732.59
22.4686
-80.6656
366.15
1795.08
72.2475
415.721
1743.26
78.4114
-1519.66
-150.353
-202.306
494.935
1733.98
90.2436
956.247
2032.56
112.373
983.756
1982.91
117.454
-1532.59
-652.781
-179.672
-1252.24
-364.525
-105.002
-914.912
-37.5126
26.9892
-1557.55
-893.811
-180.864
835.186
1227.11
122.254
-1309.79
-729.824
-83.019
-1316.07
-1166.45
-382.91
1074.55
1260.79
132.81
786.572
1013.17
120.467
584.434
823.377
116.315
998.717
1123.7
130.287
-1040.03
-641.462
5.23118
724.11
763.119
125.446
1429.62
1292.39
152.286
512.553
562.426
128.11
-1374.53
-1263.84
-169.867
-1498.43
-1521.98
-181.263
-1534.95
-1417.64
-68.1468
-1322.21
-1671.29
-87.3805
-1372.75
-1765.62
-80.6924
1404
601.618
137.563
-1211.39
-1712.26
-69.4028
1662.6
18.4039
-241.081
1359.01
-71.4889
113.126
1546.95
-109.06
112.637
1504.98
-559.41
86.1286
1322.91
-771.397
76.2553
1103.18
-1326.17
43.4085
1135.32
-1513.67
33.0028
-1260
95.8997
-0.608918
-722.121
1014.13
44.7572
-883.624
-1849.96
-42.2029
-1697.73
116.672
-80.101
-367.05
715.758
-392.73
-1366.99
-13.1884
-236.488
-830.612
-1488.22
-11.1359
-1059.5
-1771.95
-30.7766
-699.522
1353.1
42.244
-410.739
1392.68
65.1585
-1091.36
-1480.44
-24.7986
-513.788
-1287.88
-127.262
-789.203
-1771.43
-41.1066
-410.292
1293.63
71.8923
-944.963
-888.415
-245.649
1331.96
-817.567
-358.186
-484.951
1178.51
69.2646
-1174.45
-980.901
-9.18286
-890.202
-997.876
-41.2421
-1378.03
58.7448
-216.528
-310.395
934.146
93.4696
-1493.29
-471.721
-23.01
-1182.78
-1100.97
-15.1591
-731.785
-1087.09
-133.909
-642.627
-1182.82
-243.565
-859.422
-1271.86
-66.1047
-706.042
322.527
51.8469
-1021.53
-732.462
-251.82
