1
0
1.09956
-0.20221
35.0038
-12.9736
1
0
1.06465
-0.202278
37.011
0.568297
1
0
1.02974
-0.202548
37.0364
3.48564
1
0
0.994838
-0.201914
36.4957
3.44324
1
0
0.959931
-0.202404
33.7687
0.195812
1
0
0.925025
-0.2026
31.0312
-2.31173
1
0
0.890118
-0.20235
23.4395
6.52727
1
0
0.855211
-0.202512
30.2692
3.20356
1
0
0.820305
-0.202465
26.8994
-2.70728
1
0
0.785398
-0.20371
24.1582
7.12749
1
0
0.750492
-0.203529
25.5994
3.21492
1
0
0.715585
-0.203582
27.7009
5.03294
1
0
0.680678
-0.202943
22.8435
4.42909
1
0
0.645772
-0.203556
13.4811
-5.93382
1
0
0.610865
-0.203593
12.5834
13.5489
1
0
0.575959
-0.203507
19.2323
7.68968
1
0
0.541052
-0.203169
6.95789
6.2713
1
0
0.506145
-0.20295
8.19962
7.54157
1
0
0.471239
-0.203756
13.7258
10.5956
1
0
0.436332
-0.203824
10.8099
-1.8982
1
0
0.401426
-0.204317
8.23182
7.06552
1
0
0.366519
-0.20379
7.79481
2.20852
1
0
0.331613
-0.20403
7.41667
1.94143
1
0
0.296706
-0.204556
7.16454
4.32557
1
0
0.261799
-0.204535
6.55981
-0.530629
1
0
0.226893
-0.204015
5.23457
7.93166
1
0
0.191986
-0.204809
3.32883
8.50208
1
0
0.15708
-0.204794
3.62944
8.69225
1
0
0.122173
-0.205287
-14.1794
41.6332
1
0
0.0872665
-0.205064
11.6917
-9.8963
1
0
0.0523599
-0.205444
-8.47975
1.05365
1
0
0.0174533
-0.205403
4.60633
2.4684
1
0
-0.0172788
-0.205896
0
0
1
0
-0.0523599
-0.2061
-8.18609
4.60517
1
0
-0.0872665
-0.205643
-1.99948
6.4432
1
0
-0.122173
-0.205768
-8.7037
3.79841
1
0
-0.15708
-0.207028
-0.92507
3.83556
1
0
-0.191986
-0.207035
-1.50579
4.10953
1
0
-0.226893
-0.20745
-6.28444
5.72385
1
0
-0.261625
-0.207216
-2.71895
2.86852
1
0
-0.296706
-0.207373
-10.2962
4.88415
1
0
-0.331438
-0.20768
-6.9505
2.19699
1
0
-0.366345
-0.207653
-6.86345
5.83969
1
0
-0.401426
-0.20749
-13.1064
6.48107
1
0
-0.436332
-0.207399
-13.8432
-1.20978
1
0
-0.471239
-0.207704
-10.6775
5.4308
1
0
-0.506145
-0.208061
-12.2012
10.7269
1
0
-0.541052
-0.208349
-10.4117
4.72618
1
0
-0.575784
-0.208295
-27.4082
3.54833
1
0
-0.610865
-0.208491
-17.9548
2.68428
1
0
-0.645597
-0.20967
-13.1557
3.47399
1
0
-0.680504
-0.209193
-23.1904
3.10258
1
0
-0.71541
-0.209467
-13.0275
5.17465
1
0
-0.750317
-0.209391
-13.4002
8.97648
1
0
-0.785398
-0.210001
-28.4224
1.43651
1
0
-0.820305
-0.210126
-22.2468
2.3447
1
0
-0.855037
-0.209773
-22.0044
5.32331
1
0
-0.890118
-0.20978
-19.9114
6.70161
1
0
-0.925025
-0.211112
-23.9601
2.08404
1
0
-0.959757
-0.209929
-27.0488
4.08948
1
0
-0.994663
-0.210273
-28.4416
7.92243
1
0
-1.02957
-0.208423
-30.6964
-0.968438
1
0
-1.06448
-0.209866
-34.4861
-0.688134
1
0
-1.09938
-0.21004
-28.4449
0.522133

