-241.688
-456.062
-249.375
-468.5
-252.398
-470.828
-254.812
-470.125
-253.562
-467.25
-252.188
-464.75
-247.938
-474.75
-256.5
-469.562
-253.688
-464.375
-252.938
-474.125
-254.438
-469.875
-257.688
-470.875
-252.875
-470.438
-242.312
-462.375
-243.852
-481.3
-250.125
-474.562
-237.312
-476.25
-238.5
-476.875
-243.812
-478
-237.5
-467.312
-235.625
-477
-233.312
-472.938
-231.562
-472.562
-230.25
-475.188
-226.938
-471.312
-225.375
-479.812
-221.625
-480.75
-220.188
-481.312
-219.938
-462.25
-200.562
-477.625
-210.875
-477.188
-202.562
-476.312
-192.562
-482.875
-196.25
-483.875
-186.125
-483.375
-190.25
-482.562
-186.438
-483.688
-178.893
-486.572
-178
-483.375
-168.375
-488
-167.25
-485.5
-164.188
-489.75
-154.812
-492.25
-148.75
-485.625
-149.375
-492
-144.812
-498.375
-141.5
-492.812
-120.562
-496
-126.562
-493.75
-127.75
-494.562
-114.25
-496.812
-120.938
-497.188
-117.188
-501.875
-96.8125
-498.312
-99.4375
-498.875
-96.1875
-502
-94.9375
-504.062
-86.0625
-500.438
-79.625
-504.188
-69.75
-500.875
-63.125
-502.312
-67.2563
-501.546
-225.688
-434.812
-233.312
-446.875
-235.625
-449.625
-236.812
-449.875
-235
-446.438
-234.062
-443.688
-229.562
-453.938
-235.5
-449.125
-230.938
-443.188
-233.375
-452.438
-233
-449.5
-235.812
-450.812
-231
-450.938
-218.75
-442.625
-222.438
-461.938
-227.312
-454.25
-213.312
-456.188
-213.875
-456.812
-219.062
-458.875
-211.438
-447.875
-210.062
-457.688
-207.75
-453.312
-205.938
-453.438
-204
-456.062
-200.188
-451.188
-198.625
-460.875
-194.125
-462.375
-192.062
-462.688
-179.688
-499.312
-193.312
-443.562
-173.5
-458.688
-183.938
-458.125
-176.625
-457.625
-166.188
-464.188
-169.562
-465.375
-160.125
-463.75
-164.75
-463.875
-160.938
-464.5
-153.125
-467.062
-153.812
-464.562
-143.25
-468.688
-142.5
-466
-139.938
-470.125
-131
-473.062
-125.062
-466.625
-125.25
-472.938
-121.125
-478.812
-118.5
-472.938
-98.1875
-475.875
-104
-473.375
-106
-474.125
-92.875
-476.688
-99.8125
-476.938
-96.8125
-481.562
-77.75
-478.062
-81.25
-478.812
-78.5625
-482.25
-77.75
-483.875
-69.1875
-480.188
-63.6875
-483.125
-61.125
-487.875
-54.1875
-480.438
-48.9375
-481.125
-53.5625
-481.125
-191.938
-402.75
-197.375
-415.062
-199
-418.438
-199.062
-418.188
-196.688
-415.562
-193.312
-413.5
-187.562
-424
-193.375
-419
-189.188
-413.875
-187.938
-423.75
-187.812
-420.125
-189.75
-421.625
-183.812
-422.5
-171.312
-414.25
-173.438
-433.5
-177.688
-426.375
-163.5
-427.5
-163.688
-428.562
-168.25
-430.562
-161
-419.625
-158.312
-429.125
-155.312
-424.625
-153.375
-424.938
-151.312
-428
-147.688
-423.875
-146.125
-432.875
-141.688
-434.375
-139.5
-435
-126.188
-471.438
-139.062
-415.938
-119.188
-431.312
-130.5
-430.5
-123.188
-429.5
-113.5
-436.125
-117.312
-437.312
-107.562
-436.5
-112.25
-435.625
-108.812
-436.438
-101.938
-439.562
-102.375
-437
-92.8125
-441.25
-92.8125
-438.25
-91.0625
-442.312
-82.4612
-445.073
-77.25
-437.938
-78.8125
-444.125
-76
-450.25
-74.6875
-444.438
-55.0625
-447.25
-62.25
-444.875
-64.3125
-445.25
-52.1875
-447.375
-60.5
-447.75
-59.0625
-451.562
-40.6875
-447.5
-45.125
-447.625
-44.25
-450.75
-44.4375
-452.5
-37.6875
-448.312
-33.4375
-451.312
-31.1875
-455.438
-26.625
-447.625
-22.625
-448.875
-28.875
-449
-173.938
-358.062
-180.5
-370.188
-180.938
-373.5
-180.562
-373.562
-178
-371.125
-174
-369.062
-167.688
-379.125
-173.812
-374.562
-168.812
-369.438
-167.5
-379.625
-167.375
-375.562
-169.188
-377.125
-162.562
-377.75
-149.938
-369.75
-151.625
-389.375
-155.75
-382.062
-142.125
-383.562
-142.188
-385
-146
-387.25
-138.188
-375.75
-135.125
-385.125
-132.125
-380.75
-130
-380.875
-128.125
-383.688
-124.25
-379.75
-122.188
-388.562
-118.125
-390.062
-116.75
-390.438
-104.188
-427.188
-117.375
-372.375
-97.25
-387.562
-107.875
-386.875
-99.5
-386.125
-90
-392.562
-94
-393.75
-84.6875
-393
-89.8125
-392.125
-86.3125
-393.375
-79.5
-396.5
-80.0625
-393.562
-70.875
-397.75
-70.8125
-394.438
-69.3125
-398.375
-61
-400.688
-55.875
-393.875
-58.25
-400.125
-55.5
-406.312
-53.5
-400.688
-34.3125
-403.188
-42
-400.438
-44.9375
-400.688
-33.625
-402.5
-41.6875
-402.75
-40.0625
-407
-21.9375
-403
-26.9375
-402.5
-26.0625
-405.375
-26.5
-407.062
-20.4375
-403.312
-17.25
-406.438
-15.75
-410.812
-13.0956
-401.875
-7.5
-403.812
-13.5761
-404.546
-83.6875
-445.312
-94.25
-457.438
-99.8125
-459.562
-103.875
-458.125
-105.438
-454.062
-107.25
-451.25
-105.875
-460.312
-116.75
-454.375
-117.062
-448.562
-120.875
-457.75
-125.75
-452.5
-132.188
-452.812
-131.312
-452.312
-124.5
-442.688
-132.125
-461.375
-142.062
-453.438
-133.312
-453.875
-138.688
-454
-148.25
-454.938
-146.625
-442.562
-149.25
-450.75
-151.875
-445.812
-155.188
-445
-159.312
-446.75
-160.875
-441
-164.438
-448.812
-165.562
-449.062
-169.125
-448.312
-161.75
-483.812
-179.688
-427.125
-165.5
-440.875
-181.875
-438.875
-179.188
-436.938
-174.688
-442.188
-183.75
-442.188
-179.125
-440.438
-188.75
-438.625
-189.875
-438.875
-187.875
-440.562
-193.188
-436.562
-188.375
-439.688
-192.5
-435.875
-194.938
-438.812
-190.562
-440.5
-189.625
-432.75
-195.812
-438.25
-196.875
-443.812
-198.875
-437.188
-182.75
-439.125
-193.062
-435.812
-198.812
-435.5
-189.938
-436.688
-201.312
-436.312
-201.875
-440.25
-186.312
-435.875
-193.312
-435.25
-194.312
-437.938
-196.625
-438.875
-191.375
-434.5
-189.25
-436.938
-188.938
-441.375
-185.625
-432.812
-182.5
-433.5
-189.125
-433
-51.1875
-381.75
-50.8125
-395.438
-44.4375
-400.438
-36.875
-401
-27.0625
-400.188
-17.3125
-399.625
-5.5625
-411.062
-4.9375
-407.062
5.375
-402.75
12.3125
-414.938
17.625
-411.875
22.1875
-414.625
33.5625
-416.438
50.125
-409
52.1875
-429.312
52.375
-423.25
70.75
-426.125
74.3125
-428.25
73.5
-430.875
84.25
-421.25
90.0625
-432.188
96.0625
-428.188
100.562
-428.312
104.312
-431.625
109.625
-427.25
113.062
-436.438
118.812
-438.062
121.5
-438.812
135.188
-475.312
122.688
-420.625
143.062
-435.938
132.562
-435.375
139.625
-434.125
147.938
-440.25
143.312
-441.5
151.562
-441.125
145.188
-439.188
146.562
-440
150.875
-442.438
147.812
-438.75
154.375
-442.562
151.438
-439.75
150
-443.625
155.375
-445.312
156.188
-436.812
149.375
-442.25
147.5
-447.5
145.062
-440.688
159.75
-443.375
147.75
-439.25
139.25
-438.812
146.062
-439.5
131.812
-438.562
127.312
-441.375
138.938
-436.688
127.125
-435.625
122.375
-437.062
115.438
-436.812
114.438
-431.5
112.188
-433.25
105.5
-435.938
103.688
-426
99.375
-426.125
85.8125
-424.125
-75.3125
-317
-86.5
-328.812
-94.125
-330.562
-100.188
-328.562
-103.062
-324.688
-105.812
-321.375
-106
-330.375
-118.125
-324
-119.562
-317.625
-124.438
-326.938
-130.688
-322.062
-138.25
-321.875
-138.938
-321.062
-132.75
-311.938
-141.125
-330.312
-151.688
-321.875
-143.875
-322.188
-150.5
-321.625
-161.5
-322.125
-160.625
-309.75
-164.062
-318.125
-167.562
-312.625
-171.062
-311.25
-175.312
-313
-177.688
-307.375
-181.812
-314.688
-183.438
-314.812
-187.5
-313.875
-180.438
-349.312
-199.25
-292.5
-185.125
-306.875
-200.875
-304.875
-198.312
-302.75
-193.812
-308.188
-202.812
-308.062
-198.375
-306.125
-208
-304.25
-208.938
-304.188
-206.438
-306.312
-211.625
-302.25
-206.562
-305.25
-210.375
-301.438
-212.562
-304.625
-207.375
-306.562
-206.125
-298.875
-211.438
-304.688
-211.625
-310.062
-212.562
-303.812
-195.625
-306.312
-205.062
-303.062
-210.188
-302.938
-200.625
-304.5
-210.688
-304.312
-210.125
-307.938
-193.438
-303.812
-199.375
-303.875
-199.188
-306.688
-200.375
-307.75
-194.062
-303.625
-190.812
-306.5
-189.312
-310.875
-184.875
-302.938
-180.438
-303.812
-185.75
-303.562
-82.25
-270.562
-81.4891
-284.724
-79.75
-288.312
-75.6875
-288.5
-69.5
-286.812
-61.875
-285.812
-52.5625
-297.062
-54.5625
-292.875
-46.4375
-288.75
-41.6875
-299.875
-38.375
-296.812
-36.75
-298.688
-28.3125
-299.625
-13.125
-292.312
-12.4375
-313
-14.125
-306.188
1.875
-308.125
4.25
-309.875
2.3125
-312.312
11.6875
-301.5
16.125
-311.938
20.6875
-307.75
24.375
-308.25
27.375
-311.312
32.125
-307.438
34.375
-316.688
39.75
-318.375
42.5
-319.25
55.625
-355.812
43.4375
-300.562
63.4375
-315.625
52.9375
-314.625
59.875
-313.875
68.5625
-320.375
63.875
-321.125
72.5625
-320.312
67.3125
-319.062
69.8125
-319.875
75
-322.688
73.375
-319.25
81.125
-323
78.9375
-320.188
78.9375
-323.188
85.3125
-325.312
87.8125
-318.062
83.0625
-323.875
83.375
-329.438
82.6875
-323.438
99.125
-326
88.25
-322.812
82.4375
-322.562
91.75
-324.188
80.3125
-323.625
78.125
-327.188
92.0625
-322
84.3125
-321.562
81.5625
-324.125
76.9375
-324.938
79.625
-320.625
79
-322.125
76.125
-325.938
76.5
-317
77.125
-316.938
64.4375
-315.562
-208.688
-102.438
-220.062
-113.875
-227.875
-116.062
-231
-114.438
-232.312
-110.438
-234.188
-108.25
-233.812
-117.188
-243.625
-111.375
-243.688
-106
-245.812
-114.75
-250.438
-111
-254.75
-110.812
-251
-110.062
-242.062
-101.562
-249.938
-122.188
-257.062
-114.312
-245.875
-115.125
-247.25
-114.938
-255.062
-116.5
-250.875
-104.75
-250.25
-113.938
-248.75
-109.125
-248
-109
-246.938
-111.062
-246.438
-107
-247.562
-116.125
-243.5
-118.188
-242.312
-118.125
-229.938
-154.562
-242.938
-98.375
-223.375
-113.5
-234.312
-112.875
-225.875
-112.062
-216.562
-118.938
-220.125
-119.875
-209.312
-119.75
-212.438
-118
-207.125
-118.875
-199.75
-123
-198.562
-120
-187.938
-124.312
-185.062
-121.5
-180.438
-125.375
-170.438
-128.938
-164.25
-123.438
-162.938
-130.188
-157.562
-137
-152.812
-131.188
-129.938
-134.688
-134.188
-133.25
-133.625
-134.5
-117.375
-137.062
-122.5
-138.562
-116.5
-143.062
-95
-140.25
-94.5
-141.438
-88.6875
-145
-84.5625
-147.375
-74.25
-144.312
-66.1875
-149.062
-57.8125
-152.062
-47.5625
-145.938
-40.375
-148.75
-40.3125
-149.312
-134.938
-147.125
-141.102
-160.215
-142.75
-162.438
-143.312
-162.438
-140.688
-159.438
-137.875
-158.25
-132.875
-168.188
-139.125
-163.25
-134.688
-158.312
-133.5
-168.25
-133.875
-164.062
-136.125
-165.75
-130.5
-165.938
-118.25
-157.688
-120.375
-177.375
-125.188
-170
-111.875
-171.625
-111.625
-172.812
-116.5
-174.938
-109.75
-163.5
-107.312
-173.25
-104.438
-168.812
-102.625
-168.938
-101.25
-171.75
-97.625
-167.312
-96
-175.875
-92.1875
-177.75
-89.5625
-179.062
-77.375
-215
-90.875
-159.25
-71.1875
-174.75
-81.5
-173.938
-74.5625
-172.688
-64.8125
-179.312
-68.4375
-180.438
-58.4375
-180
-63.5625
-178.875
-60.5
-179.562
-53.8125
-182.75
-53.75
-179.688
-44.0625
-183.75
-44.3125
-181.062
-43.5
-184.812
-35.375
-187.562
-30.125
-180.312
-32.3125
-186.875
-30.5825
-192.173
-26.5
-187.125
-7.1875
-190.438
-14.125
-188.375
-17.0625
-188.875
-4.8125
-190.188
-13.4375
-190.062
-11.6875
-194.625
7.1875
-191.312
2.4375
-191.375
3.25
-194.062
3.0625
-196.312
10.0625
-192.688
14.4375
-195.125
15.5625
-199.625
20.9375
-191.688
25.25
-192.562
19.0625
-193.125
-43.9288
-190.154
-53.875
-199.625
-60.625
-201.625
-65.9375
-199.312
-69.25
-196.125
-71.8125
-193.25
-72.8125
-201.75
-84.6875
-195.5
-86.375
-189.562
-91.8125
-198.312
-98
-193.438
-106.312
-193.562
-107.375
-193.062
-101.312
-183.188
-110.188
-201.125
-120.812
-192.5
-113.188
-192.688
-119.812
-192.375
-130.812
-193.062
-129.812
-180.875
-133.75
-189.125
-136.875
-183.375
-140.812
-182.25
-145.188
-183.875
-147.562
-178.5
-152.125
-185.875
-154.062
-185.938
-158.438
-185.25
-151.688
-220.625
-170.438
-163.688
-156.125
-177.812
-172
-175.812
-170.062
-173.812
-165.625
-179.25
-175.188
-179
-170.562
-176.938
-180.75
-174.812
-182.25
-175.188
-179.688
-177
-185.312
-172.812
-180.062
-176.062
-183.938
-172.188
-186.562
-175.25
-182.188
-177.125
-181.062
-169.125
-186
-174.875
-186.312
-180.438
-187.75
-174.375
-171.125
-176.562
-180.938
-173.375
-186.25
-173.125
-176.688
-174.875
-187.188
-174.562
-186.625
-178.312
-170.5
-174.25
-176.438
-173.938
-176.562
-176.75
-178.438
-178.188
-172
-173.812
-169
-176.375
-167.438
-180.938
-163.188
-173.938
-158.875
-174.5
-163.304
-174.935
-123.812
-76.5625
-130.375
-88.875
-131.75
-91.625
-132.875
-90.9375
-130.625
-87.6875
-128.25
-86.0625
-123.312
-96
-129.5
-90.5625
-125.375
-86.375
-124.938
-96.1875
-125.688
-92.1875
-128.062
-93.625
-122.688
-94.1875
-110.688
-86.1875
-113
-105.688
-117.5
-98.5625
-104.438
-99.8125
-105.25
-101.125
-110
-103.375
-102.875
-91.5625
-100.75
-101.125
-98
-97.25
-96.625
-97.4375
-95.0625
-100.062
-91.875
-95.8125
-90.5
-104.875
-86.5
-106.188
-84.6875
-106.562
-72.0625
-143.125
-85.0625
-87.5
-64.75
-102.938
-75.875
-102.188
-68.25
-101.25
-58.75
-107.625
-62.875
-108.438
-53
-107.5
-58.3125
-106.625
-55.25
-107.812
-48.625
-110.688
-49.125
-107.562
-39.125
-112
-39.125
-109.5
-37.125
-113.75
-28.25
-116.062
-23.4375
-109.062
-25.8125
-115.625
-22.5
-121.375
-21.5846
-116.763
-0.3125
-118.812
-7.375
-116.188
-9.875
-116.438
1.9375
-118.875
-6.375
-119.812
-3.4375
-123.938
14.8125
-120
10.5
-119.875
11.375
-122.688
12.0625
-124.312
18.5
-120.875
23.5625
-123.75
25.0625
-128.688
31.125
-120
34.75
-121.25
29.125
-121.938
-32.125
-167.188
-32.0625
-180.688
-27.625
-185.188
-22.375
-185.75
-14.4375
-184.75
-6.1875
-183.875
4.625
-194.875
3.6875
-191
13.1875
-186.812
18.6875
-198.188
23.25
-195.312
25.8125
-197.562
35.0625
-198.562
51.25
-191.312
52.8125
-211.75
51.9375
-205.375
68.8125
-207.75
71.8125
-209.438
70.125
-212.188
79.5625
-201.562
84.5625
-211.75
90.375
-208.375
94.5625
-209.375
98.0625
-212.812
102.312
-208.938
105.375
-218.5
111.438
-220.125
114.125
-220.812
127.375
-257.125
115.062
-201.375
135.25
-216.562
124.062
-215.625
131.125
-215.062
140.062
-221.562
135.188
-222.062
143.75
-221.312
137.75
-220.375
139.688
-221.562
144.875
-224
142.125
-220.688
149.062
-224.188
146.25
-220.812
145.875
-223.75
151.75
-225.625
152.938
-218.375
147.75
-224.812
147.688
-230.125
145.438
-223.438
160.375
-225.125
149
-221.688
141.938
-221.312
150.312
-222.812
137.25
-222.125
133.5
-225.25
146.438
-220.375
137.062
-219.062
133.188
-221.375
127.625
-222.562
128.688
-217.25
127.062
-218.625
122.375
-221.875
121.938
-212.875
119.25
-213.062
107.625
-211.625
-167.688
-0.3125
-176.875
-12
-182.562
-13.9375
-185.312
-12.875
-186.25
-9.625
-187.125
-6.5
-184.625
-16
-193.875
-11
-192.125
-5.0625
-195.125
-14.5
-197.688
-10.0625
-202
-10.625
-199.062
-10.625
-189.688
-2.25
-195.062
-21.375
-200.875
-13.9375
-189.438
-14.875
-191.938
-15.75
-198.5
-17.125
-193.062
-5.5625
-192.25
-15.125
-190.5
-10.5625
-189.375
-10.25
-189.188
-12.75
-187.062
-8.25
-185.562
-16.625
-182.5
-17.6875
-182.125
-18.0625
-169.25
-55
-182.5
0.3125
-163.312
-14.8125
-173.875
-14
-166
-13.25
-156.688
-20.125
-159.75
-21.6875
-149.75
-20.8125
-154.562
-19.875
-149.938
-20.875
-141.875
-23.75
-141.625
-20.8125
-130.875
-25.625
-129.5
-22.75
-126.375
-27.0625
-116
-30.125
-109.25
-23.6875
-109.188
-30.5625
-104.062
-37.3125
-99.625
-31.8125
-78
-35
-82.875
-33
-82.9375
-33.5625
-68.5625
-36.375
-73.5
-37.0625
-68.5
-41.9375
-46.8125
-38.6875
-49.5
-39.1875
-44.6875
-42.8125
-41.625
-45.25
-31.3125
-42.75
-23.5625
-46
-18.25
-51.375
-9.5
-44.875
-1.875
-45.9375
-3.8125
-46.6875
34
-195.125
37.75
-209.562
46
-215
55.8125
-217.062
68.4375
-215.375
80.5625
-215.312
94.6875
-227.812
97.8125
-224.625
110
-220.875
119.125
-233.562
127.375
-231.375
132.812
-234
144.75
-236
163.812
-229.562
168.188
-249.812
169.812
-244.25
190.221
-246.415
195.312
-249.438
195.812
-252.312
207.625
-242.062
214.188
-252.562
220.625
-249.438
226.875
-250.438
232.125
-253.375
236.938
-249.938
241.562
-259.5
247.438
-261.688
251.188
-262.375
264
-299.562
253.125
-244.375
273.188
-260.25
262.188
-259.5
269.438
-258.438
277.438
-265.312
273.062
-266.062
280.312
-264.75
272.875
-263.812
273.812
-264.375
278.125
-266.875
274.625
-263.25
280
-266.062
276
-262.375
272.812
-265.812
277.375
-267.375
276.5
-258.812
268.938
-264.438
265.062
-269.188
260.125
-262.25
270.743
-262.912
260.438
-259.75
249.688
-259
254.875
-259.438
238.312
-258.25
231.125
-260.375
241.688
-254.375
227.562
-254
220.812
-255.375
210.375
-254.688
207.75
-248.812
202.125
-249.812
193.625
-253.062
188.125
-242.562
182
-241.312
165.625
-239.125
-52.9375
-49.25
-55.5
-62.3125
-54.5625
-65.875
-51.3125
-66.5625
-45.5625
-64.375
-39.5625
-62.9375
-31.875
-73.5
-34.625
-68.8125
-28.1875
-64.6875
-25
-75.375
-22.4375
-71.9375
-22.0625
-73.625
-13.9375
-74.8125
0.625
-67.0625
0.1875
-87.4375
-2.375
-80.625
13.1875
-82.6875
14.9375
-84.5
11.5625
-87.25
19.375
-76.5625
22.6875
-85.6875
27.5
-81.5625
31.5625
-82.4375
33.6875
-85
37.75
-80.875
40.125
-89.9375
44.75
-91.6875
46.8125
-92.25
60.125
-128.625
47.5
-73.4375
67.25
-89.0625
56.5
-88.0625
63.4375
-87.1875
72.375
-93.5
67.9375
-94.0625
77.375
-93.5625
71.0625
-92.6875
73.8125
-93.5
79.375
-96.5
77.4375
-93.4375
85.4375
-96.8125
84.5625
-93.625
85.0625
-97.875
91.8125
-100.75
94.375
-92.8125
90.625
-98.8125
91.9375
-104.688
91.625
-98.4375
108.688
-100.938
98.8125
-97.5
93.6875
-97.75
103.688
-99.125
92.8125
-99.4375
91.75
-102.688
106.688
-98.8125
99.9375
-97.6875
97.6875
-100.5
94.9375
-101.312
98.8125
-96.6875
99.5
-98.9375
97.6875
-102.5
98.1875
-93.4375
99.375
-94.3125
88.5881
-92.2989
255.375
-346.125
263.5
-361.5
275.75
-367.375
289.125
-369.062
304
-369.375
318.188
-370.375
335
-382.875
339.875
-380
355.062
-376.625
364.938
-388.875
373.25
-387.375
379.562
-390.188
393.375
-392
412.25
-385.312
416.062
-406.062
417.812
-399.312
436.188
-402.562
440.75
-404.625
439.375
-408.625
449.812
-397.875
454.125
-408.312
459.438
-403.5
461.312
-404.438
462.938
-407.938
465.875
-403.125
466
-411.375
468.062
-412.75
467.062
-412.688
476.312
-448.812
460.312
-391.25
476.062
-405
458.688
-404.875
460
-403.75
461.625
-409.438
450.625
-408.562
452.5
-406
438.438
-403.625
433.875
-401.312
429.625
-403.375
417.812
-398.688
415.875
-400.875
405.25
-394.625
394.625
-396.25
390.438
-396.062
381.75
-387.25
366.375
-390.062
354.812
-393.125
341.875
-383.75
346.25
-382.938
323.25
-377.375
304.562
-374.75
299.188
-374.5
273.562
-371.75
257.312
-372.375
258.938
-365.188
237.062
-360.938
220.562
-358.688
201.188
-354.938
187.812
-349.688
173.188
-348.375
155.812
-349.25
139.875
-337.812
124.188
-334.312
99.3125
-330.312
215.75
-294.375
220.625
-308.75
229.312
-314.125
239.938
-315.688
251.938
-315.375
264.5
-315.312
278.438
-327.438
280.25
-324.125
292.75
-320.812
300.938
-332.812
307.062
-330.375
311.438
-332.875
322.438
-334.25
339.438
-327.312
341.062
-347.938
340.75
-341.312
357.5
-343.688
360.25
-345.188
357.5
-348.062
366.25
-337.312
370.125
-347.25
373.562
-342.938
375.188
-343.125
376.312
-346
378.062
-341.438
378.062
-349.75
379.688
-351.312
378.812
-351.25
388
-387
370.375
-330.5
385.125
-344.625
368.938
-342.938
370.5
-341.062
373.25
-346.188
361.938
-345.688
363.5
-343.062
350.375
-340.812
345.312
-340.25
343.188
-341.625
332.688
-336.125
332.25
-338.25
322.312
-333.625
313.125
-335.438
309.875
-335.5
302.938
-326.125
289.188
-330.188
279.562
-333.812
267.75
-324.562
274
-325.688
252.688
-320.438
235.375
-317.625
233.062
-316.438
210.938
-313.688
198.562
-315.312
202.062
-308.188
181.5
-305.25
166.375
-305
150.312
-303.125
140.812
-295.438
128.562
-295.312
114.062
-296.75
102.5
-285.062
90.0625
-281.938
67.4375
-278.688
-299.312
278.062
-320.438
268.875
-337
269
-350.188
272.188
-361.812
277.438
-371.938
281.75
-379.438
274.438
-398.375
282.562
-405.938
290.188
-417.062
282.562
-428.812
288.75
-441.375
289.688
-446.25
291.562
-443.375
301.125
-455.062
283.688
-468.562
292.312
-463.562
292.312
-471.125
292.438
-483.125
292.562
-482.875
305.125
-486.75
296.812
-489.688
302.688
-492.562
303.188
-495.875
301.375
-496.75
307
-498.875
298.938
-497.688
298
-498.375
298.062
-486.5
262.062
-501.125
318.312
-481.625
302.688
-492.562
303.5
-484.312
304.188
-473.188
297.625
-475.812
296.062
-464.188
295.625
-466.375
296
-459.312
294.438
-448.312
291
-444.188
293.312
-429.625
288
-423.25
289.75
-415.375
284.5
-400.125
280.25
-387.812
285.875
-382
278.188
-370.312
270.625
-360.125
274.25
-331.312
269.438
-328.438
270.312
-320.5
267.125
-298.062
262.812
-294.938
260.062
-281.125
253.812
-250.688
255.688
-244.717
253.169
-228.75
247.125
-215.5
242.688
-194.938
243.688
-177.25
237.938
-161.75
230.375
-141.062
234.625
-122.938
231.312
-114.883
227.884
23.5
-6.3125
24.3125
-20.5625
29.625
-25
35.75
-25.75
44.9375
-24.375
54.125
-24.25
66.0625
-36.0625
66.125
-32
76.4375
-27.875
82.375
-38.75
88.25
-35.9375
90.875
-38.5
101.517
-39.3692
117.688
-33.4375
119.562
-54.0625
134.48
-66.6292
151.375
-68.25
154.938
-69.875
154.25
-72.625
164.625
-62.1875
170.25
-72.5
175.875
-68.6875
180.688
-68.9375
184.938
-72.1875
190.375
-68.125
193.938
-77.4375
199.438
-79.25
202.25
-79.75
215.625
-116.875
203.25
-61.0625
222.688
-77.0625
211.875
-76.9375
218.625
-76
227.188
-82.625
222.312
-83.5
231
-82.3125
223.938
-80.75
225.375
-81.1875
230.062
-83.75
226.562
-80.5625
232.938
-84.5
229.875
-81.125
228.25
-84.875
233.438
-86.3125
234.875
-78.3125
228.562
-84
226.812
-88.875
223.188
-82
237.562
-83.9375
225.938
-80.3125
218.375
-79.8125
223.625
-80.25
208.625
-79.1875
204.812
-82.625
216.312
-77.75
205.312
-75.4375
199.125
-77.875
192.375
-78.6875
191.875
-73.125
188.125
-74.4375
181.812
-77.5
179.625
-67.875
174.372
-68.4192
162
-65.375
-179.5
202.688
-192.875
191.812
-200.875
189.375
-208
191.625
-211.625
196.938
-214.812
200.062
-216.188
189.812
-227.25
196.25
-228.438
202.812
-233.375
193.75
-238.375
198.75
-245.812
198.562
-245.062
198.688
-237.875
207.75
-244.562
189.125
-252.75
197.25
-242.75
197.312
-247.438
196
-254.5
194.625
-250.938
206.625
-251.938
197.438
-251.5
202.438
-252.25
202.625
-252.625
200.625
-250.75
205.25
-251.312
196.312
-248.188
194.938
-247.5
194.312
-235.312
158.188
-248.438
214.25
-228.812
199.188
-240.25
200.062
-232
200.688
-221.875
193.875
-225.688
192.875
-215.125
193.188
-218.938
194
-214.062
192.5
-205.125
188.875
-203.5
191.5
-191.75
187.375
-188.812
190.188
-183.688
185.438
-171.938
182.062
-164.125
188.438
-162.375
181.25
-154.875
173.875
-148.875
179.062
-125.062
175.25
-127.562
176.812
-125.375
175.25
-108
172.312
-111
170.875
-103.938
164.875
-80.1875
167.75
-78.6875
166.812
-71.25
162.188
-65.75
159.75
-51.875
162.062
-41.875
157.938
-34
152
-22.25
157.625
-210.375
259.25
-225.938
248.25
-236.312
247.438
-245.938
248.688
-252.125
252.625
-257.375
257.375
-260.938
249.438
-274.375
255.312
-278.438
261.688
-285
253.188
-291.938
259.5
-300.688
258.625
-301.438
259.438
-296.125
269.375
-302.25
252.562
-315.25
258.75
-306.688
258.062
-311.25
257.625
-320.938
256.438
-318.062
269.25
-319.625
261.062
-319.375
266.938
-322.375
266.062
-323.438
263.75
-323.062
268.812
-322.938
260.688
-320.438
258.875
-321.125
258.812
-309.688
221.938
-323.625
278.375
-304.125
263.125
-314.188
264
-305.5
265.375
-296.562
258
-299.188
256.875
-287.688
257.438
-290.938
258.438
-285.875
256.562
-276.125
253.062
-274.188
255.812
-260.375
251.125
-256.312
253.5
-251.938
247.875
-238.625
245.188
-228.062
251.688
-224.312
245.5
-214.938
239
-207.375
243.5
-182.688
238.812
-184.5
239.188
-181.812
236
-163.188
232.312
-164.125
230.812
-155.125
224.5
-129.062
226.938
-125.438
225.438
-117.062
220.25
-108.75
216.438
-93.5625
218.562
-79.75
213.688
-68.625
207.812
-54.0625
213.812
-41.375
209.938
-36.9375
208.75
90.8125
-24.3125
95.6875
-38.75
106.062
-43.9375
116.125
-45.5625
128.625
-45.8125
141.438
-45.8125
157.188
-58.25
160.188
-55.75
173.625
-52.5625
183.375
-63.9375
191.75
-61.5625
198.188
-65.25
211.812
-67.5625
231.125
-61.125
235.75
-82.375
238.375
-76.375
257.75
-78.75
263.625
-81.4375
264.688
-84.625
277.188
-74.5
284.438
-85.9375
291.812
-82.1875
297.562
-82.9375
302.875
-86.625
309
-82.875
312.625
-92.375
318.75
-94.4375
322.75
-95.25
336.75
-132.438
324.625
-77.5625
344.25
-93
333.062
-91.625
340.812
-90.25
348.812
-97.0625
343.062
-97.625
350.438
-96.75
342.875
-95.5
343.938
-96.375
347.375
-98.9375
343.188
-95.0625
348.062
-98.6875
343.562
-95
340.062
-98
343.312
-99.3125
342.875
-90.875
334.75
-95.75
331.062
-100.5
326.375
-93.8125
338.062
-95.1875
322.625
-90.9375
312.125
-90.1875
315.188
-90.75
298.5
-88.875
291.75
-91.375
300.438
-85.5
286
-83.8125
276.812
-84.6875
267.375
-84.0625
263.188
-78.625
256.375
-79.75
246.938
-81.3125
240
-70.9375
232.688
-69.875
214.938
-67.3125
45.875
72.1875
36.5625
58.875
31.375
56.625
27.5625
57.8125
25.625
60.625
24.875
63.8125
25.625
54.25
14.5
59.75
14.25
66.125
11
56.375
5.75
61.1875
-1.0625
61.1875
-0.75
61.75
6.5625
70.625
-0.8125
52.75
-10.1875
60.6875
-1.75
60.3125
-8.0625
60.8125
-18.6875
59.75
-17
71.75
-20.0625
63.125
-22.375
69.0625
-25.9375
69.4375
-29.625
67.6875
-31.9375
73.3125
-36.3125
65.5
-38.375
65.375
-41.6875
66.125
-34.0625
30.75
-52.75
87.5625
-39.4375
73.1875
-56.0625
74.75
-53.4375
77
-49.4375
71.4375
-58.625
71.75
-54.625
73.8125
-64.875
76
-67.125
76.1875
-65.0625
74.1875
-70.9375
78.5
-66.5
75.1875
-71.5625
79.0625
-74.9375
75.875
-71.5
74.5625
-71.1875
82.5
-77.6875
77.125
-78.9375
71.875
-81.5625
78.6875
-66.25
76.375
-77.4375
79.8125
-83.625
80.4375
-75.6875
78.6875
-87.875
79.4375
-89.125
75.875
-74.0625
80.3125
-81.9375
80.8125
-83.5
78.3125
-86.8125
77.3125
-83.0625
82
-81.25
79.0625
-80.75
75
-78.3125
82.875
-77
82.6875
-84
82.8125
-80.3907
383.851
-97.6875
374.688
-114.188
374.688
-128.25
377.438
-139.625
382.562
-150.188
387.812
-158.938
380.5
-179.188
388.188
-187.812
396.188
-199.75
388.875
-216.933
396.349
-228.875
396.625
-235.875
398.812
-235.312
409.25
-249.25
392.375
-265.5
402.125
-263.125
402.875
-274.188
403.812
-289.938
404.312
-293.75
417.125
-301.5
409.5
-308.438
415.688
-315.312
417.5
-322.625
416.875
-327.438
423.062
-333.875
416
-338.125
416
-343.75
416.938
-337.062
381.875
-356.75
439.125
-342.875
425
-359.25
427
-356.625
429.188
-351.562
423.188
-359.812
423.125
-353.625
424.75
-362.062
426.562
-361.312
426.25
-356.812
424
-359.188
427.062
-350.625
423.062
-350.938
426.125
-349.438
421.875
-340.562
419.062
-334.625
426
-335.25
419.5
-330.938
413
-327.25
418.188
-304.438
414.312
-307.938
416.125
-307
414.938
-290.438
412.125
-294.188
410.875
-286.75
405.75
-262.875
408.25
-261.125
407.188
-253.188
402.375
-246.75
399.75
-233
402.562
-220.5
397.375
-210.125
390.75
-196.562
396.438
-183.125
393.625
-179.625
391.625
114.75
207.812
106.688
195.312
103.438
192.625
101.25
193.375
100.562
196.625
101.562
199.062
105.375
189.125
96.5625
194.312
97.6875
199.938
95.9375
190.25
92.3125
194.562
87.125
194.188
89.25
194.5
98.125
202.688
91.5
184.5
83.25
192.688
92.4375
192.125
87.5625
192.125
79.875
190.562
81.875
202.812
79.4375
194.125
77.8125
199.375
75.3125
200.312
71.5
198.062
69.6875
203.75
66.125
195.75
64.9375
195.062
61.4375
195.688
68.9375
160.25
50.1875
217.125
64.375
202.812
48.4375
204.75
50.5625
206.875
54.125
201.188
44.4375
201.5
47.875
203.125
36.6875
204.938
34.3125
205.25
35.6875
203.562
28.875
207.875
32.4375
204.875
27
209
22.875
206.125
25.6875
204.938
24.625
213
16.875
208
14.3125
203.125
10.6875
210.062
23.875
207.938
11.3125
211.438
3.125
211.625
10.0625
211.062
-3.75
211.688
-6.8125
208.562
6.875
213.125
-3.3125
214.188
-7.125
212.062
-12.0625
211.438
-9.5
215.875
-10.4375
214.062
-13.125
210.625
-12.0625
219.188
-11.875
218.938
-22.375
219.625
85.125
350.5
75.125
338.812
67.125
337.438
62.1875
338.812
60
342.25
57.75
345.312
57.8125
336.188
46.5625
342.312
45.0625
348.688
40.4375
339.625
34.375
344.438
27.0625
344.062
27.3125
344.312
33.5
353.562
25
335.5
14.75
343.75
22.375
343.562
16.75
343.562
6.5625
342.75
7.375
354.812
4.0625
346.375
0.875
352.062
-2.875
353.188
-6.8125
351.438
-9.375
357
-13.75
349.5
-15.8125
349.188
-19.8125
350
-12.125
314.625
-31.0625
370.812
-17.1875
356.812
-33.375
358.625
-31.3125
360.438
-26.5625
355
-36.25
355
-32.0625
356.875
-41.6875
359.062
-43
358.938
-41.1875
356.875
-47.0625
360.75
-42.25
357.438
-46.75
361.188
-49.25
358.188
-44.8125
356.188
-43.75
364.188
-49.875
359
-50.875
353.688
-52.3125
360
-35.9375
357.562
-46.0625
360.688
-52
360.875
-43
359.25
-53.9375
360.062
-54.75
356.625
-39.0625
360.875
-45.8125
361.125
-46.75
358.125
-48.875
356.938
-43.3125
360.688
-40.6875
358.062
-39.875
354.125
-36
361.938
-32.4375
361.062
-38.5
360.5
79.25
378.375
68.125
366.812
60.875
365.562
54.625
366.75
51.3125
370.312
49.0625
373.5
47.6875
363.938
35.625
370.25
34.0625
376.625
29.0625
367.938
22.0625
372.812
14.4375
372.875
14.1875
373.188
20
382.875
10.9375
364.75
0.125
373.312
7.1875
372.812
1
372.938
-9.4375
371.188
-8.8125
383.438
-13.1875
375.688
-16.3125
381.25
-19.875
382.312
-24.25
380.938
-26.9375
386.312
-31.5
379.062
-34.0625
378.812
-37.4375
379.062
-29.9375
343.938
-49.375
400.5
-35.3125
385.938
-52.0625
387.875
-49.875
390.062
-45.75
384.438
-54.375
384.75
-50.375
386.812
-60.4375
389.188
-61.5
388.875
-59.1875
386.25
-64.5
390.188
-59.125
386.812
-63.6875
390.25
-65.6875
387.188
-61.125
385.5
-60.5
393.25
-66.1875
387.938
-65.8125
382.812
-67.1875
388.562
-50.625
386.062
-60.875
389.375
-66.5625
389.375
-56.625
388
-67.375
388.438
-67.3125
384.688
-51.0625
388.438
-56.875
388.938
-57
385.875
-58.6875
384.812
-52.5625
388.438
-49.75
385.25
-48.125
381.438
-42.875
388.938
-39.5
388.438
-45.3125
388.062
304.188
260.562
307.312
246.062
313.375
241.562
322.188
239.938
332.312
240.812
343.312
241.062
355.75
229.438
356.188
232.688
366.688
236.25
373.312
224.562
377.938
227.5
379.5
225.625
389
224.188
404.25
231.25
404.812
211.125
418.992
215.901
420.125
214.25
416.625
211.875
423.75
223.125
426.25
213.312
428.812
217.75
430.125
217.188
430.75
214.938
431.562
219.312
431.062
210.875
431.752
209.755
430.625
210.125
436.334
175.337
421.062
231.062
435.5
216.625
419.375
218.125
421.062
220.25
423.875
214.875
412.562
215.312
415
217.375
402.5
219.5
398.375
220.188
396.25
218.875
387.094
224.062
385.938
221.625
375.615
226.78
364.75
224.062
359
233.25
346.125
229.312
337.188
225.562
327.188
233.688
312.562
237.75
297.25
239.812
297.188
240.375
276.188
243.125
264.125
242
268.125
248.438
250.562
250.938
238.438
250.5
223.938
251.938
216.25
258.625
205.25
258.562
181.688
268.062
171.562
270.25
151.75
272.562
-250.677
-443.103
-253.438
-444.875
-256.062
-443.688
-251.5
-433.312
-261.688
-451.375
-273.875
-442.938
-268.5
-443.062
-276.375
-442.312
-288.562
-442.938
-289
-429.688
-293.875
-438
-297.625
-432.125
-302.125
-430.75
-307.375
-432.188
-310.375
-426.312
-315.562
-433.688
-318.562
-433.812
-323
-432.875
-316.312
-468.438
-334.688
-411.812
-320.188
-426.062
-336.312
-424.188
-333.875
-422.562
-329.5
-428.062
-339.188
-428.938
-331.938
-427.812
-341.938
-423.688
-340.062
-424
-328.875
-426.938
-327.438
-424.5
-315.5
-429
-312.25
-426.438
-307.312
-431.25
-295.75
-434.688
-280
-435.812
-278.75
-442.625
-270.938
-449.25
-265.25
-444.125
-242.188
-447.625
-244.688
-445.938
-248.562
-441.25
-231.875
-444.125
-229.375
-451.438
-222.75
-456.062
-198.312
-453.062
-196.938
-454.375
-190
-458.812
-184.938
-461.25
-171.75
-458.75
-161.938
-462.625
-154.125
-468.312
-142.625
-461.938
-131.438
-464.125
-130.438
-465.5
