-103.219
-507.242
75.3767
-81.1199
-483.235
73.935
-34.1106
-445.515
68.6404
-20.3639
-397.993
66.9462
-85.1435
-464.463
-85.2035
224.71
-396.675
53.8494
-131.205
-337.055
-88.5563
121.858
-294.825
58.9129
-200.246
-155.31
70.5808
-38.4364
-184.278
62.6271
-130.017
-204.953
-95.7577
-47.7127
-112.675
61.77
171.853
-183.549
54.3301
-161.896
-46.5852
66.874
316.292
-197.715
49.9033
79.1888
-72.17
55.9238
536.152
-300.576
-114.388
435.326
-258.004
-110.135
-540.011
199.058
78.9964
226.879
-25.9423
56.4218
-270.68
149.289
71.0773
-356.593
197.364
71.9973
352.196
-19.3305
45.1677
-66.4676
64.7874
-101.282
-437.022
346.908
-86.4251
8.94655
212.405
-105.038
-102.676
346.708
-98.5806
-126.927
371.965
-98.826
370.494
301.542
-115.191
-215.992
-481.841
9.92964
