1
0
1.0472
0.0138735
-8.9026
2.28109
1
0
1.02974
0.0136256
-18.3878
-1.64291
1
0
1.01229
0.0136077
-14.0866
-2.62458
1
0
0.994838
0.014186
-174.449
-7.77892
1
0
0.977384
0.0133783
7.55337
-1.43304
1
0
0.959931
0.0136552
6.31679
-2.22933
1
0
0.942478
0.0140585
9.88482
-0.248695
1
0
0.925025
0.014215
115.965
4.77933
1
0
0.907571
0.0143607
8.78307
0.880306
1
0
0.890118
0.014131
-42.0716
1.24742
1
0
0.872665
0.0141415
-47.194
2.7189
1
0
0.855211
0.0147002
-114.034
2.74381
1
0
0.837758
0.0135447
16.116
0.725543
1
0
0.820305
0.0147598
32.3382
1.56688
1
0
0.802851
0.0144292
30.2855
1.65683
1
0
0.785398
0.0147529
-18.7847
-0.209464
1
0
0.767945
0.014373
19.6125
3.30214
1
0
0.750492
0.014524
15.4216
3.62366
1
0
0.733038
0.0141134
41.404
2.11882
1
0
0.715585
0.0147931
3.61304
2.46838
1
0
0.698132
0.0144526
29.7237
-0.760758
1
0
0.680678
0.0142306
-18.442
-1.86331
1
0
0.663225
0.0142527
7.5325
-1.2099
1
0
0.645772
0.0142231
7.98304
-0.653724
1
0
0.628319
0.0139441
7.54513
-1.3772
1
0
0.610865
0.0143311
-4.5832
-0.834231
1
0
0.593412
0.0142753
-50.1395
3.22024
1
0
0.575959
0.0141408
48.0575
1.29016
1
0
0.558505
0.0143504
7.6746
0.396301
1
0
0.541052
0.0139565
-79.9396
4.10663
1
0
0.523599
0.0138609
8.84904
0.539751
1
0
0.506145
0.0139661
35.343
6.55329
1
0
0.488692
0.0138127
-11.4184
-4.05606
1
0
0.471239
0.0136756
8.33161
-1.57498
1
0
0.453786
0.0138057
-69.6702
1.69615
1
0
0.436332
0.0137568
9.59441
0.813431
1
0
0.418879
0.0139565
-28.9235
1.56796
1
0
0.401426
0.0138066
77.6326
7.52934
1
0
0.383972
0.0132604
7.42192
0.127991
1
0
0.366519
0.0134697
36.8484
-1.98673
1
0
0.349066
0.0137712
-51.1668
-11.322
1
0
0.331613
0.0137429
-66.559
-6.74194
1
0
0.314159
0.0138029
8.30375
-0.688908
1
0
0.296706
0.0137074
46.4232
14.405
1
0
0.279253
0.0136514
-37.2586
-5.12639
1
0
0.261799
0.0135366
-56.0603
-15.0255
1
0
0.244346
0.0133481
9.44417
-16.7184
1
0
0.226893
0.0134913
43.1739
15.5738
1
0
0.20944
0.0134763
39.2403
8.65087
1
0
0.191986
0.0134412
16.4723
8.5457
1
0
0.174533
0.0135569
-23.9827
1.31897
1
0
0.157254
0.0133422
-7.07637
5.32827
1
0
0.139801
0.0130128
-75.7533
-1.23214
1
0
0.122348
0.0134031
9.13508
0.407417
1
0
0.104894
0.013527
7.90209
-0.153442
1
0
0.087441
0.0133595
66.8793
-1.32458
1
0
0.0699877
0.0133482
7.85406
-0.262084
1
0
0.0525344
0.0128509
-37.4517
2.27002
1
0
0.0350811
0.0131279
-15.4283
0.603714
1
0
0.0176278
0.0132702
54.2613
-0.645053
1
0
0.000174533
0.0134345
0
0
1
0
-0.0172788
0.0130934
-27.9004
-0.0953086
1
0
-0.0347321
0.0125833
-28.3892
0.212604
1
0
-0.0521853
0.0128454
-22.9736
-1.64862
1
0
-0.0696386
0.0138007
6.02881
-0.077349
1
0
-0.0870919
0.0127176
-0.690558
2.56815
1
0
-0.104545
0.0127415
-27.7691
2.10899
1
0
-0.121999
0.0128282
2.3332
-1.65546
1
0
-0.139452
0.0128906
0.956763
-2.85578
1
0
-0.156905
0.0128982
-13.2656
-2.90646
1
0
-0.174358
0.0131223
27.4933
0.988154
1
0
-0.191812
0.0125534
-6.22208
1.36895
1
0
-0.209265
0.0126789
-30.5951
-1.17436
1
0
-0.226718
0.0124292
2.70276
-2.93124
1
0
-0.244172
0.0126016
-19.7454
-2.11902
1
0
-0.261799
0.0127836
183.343
-3.9038
1
0
-0.279253
0.0125137
1.46532
-1.44169
1
0
-0.296706
0.0126675
1.13375
-1.71046
1
0
-0.313985
0.0125157
3.69769
-1.50762
1
0
-0.331438
0.0123689
2.05547
-2.15699
1
0
-0.348891
0.012317
3.28771
-2.46933
1
0
-0.366519
0.0124917
199.762
-0.386045
1
0
-0.383798
0.0127176
0.0958617
-3.08262
1
0
-0.401426
0.0123162
3.75217
-1.53324
1
0
-0.418704
0.0121233
4.97932
-1.50254
1
0
-0.436332
0.0122088
3.5951
-1.54207
1
0
-0.453611
0.012296
2.48313
-2.82457
1
0
-0.471239
0.012075
3.58231
-2.55787
1
0
-0.488692
0.0122081
-9.28012
0.487576
1
0
-0.506145
0.0122078
-3.82596
2.81242
1
0
-0.523599
0.0118413
39.7344
4.88609
1
0
-0.541052
0.0115166
22.4546
-0.208823
1
0
-0.558505
0.0118132
-19.6516
-0.36432
1
0
-0.575959
0.0118575
10.5907
-1.74583
1
0
-0.593412
0.0116574
-5.31771
-1.71782
1
0
-0.610865
0.0116124
7.10737
-0.177642
1
0
-0.628319
0.0117061
9.54233
0.34964
1
0
-0.645772
0.0115698
13.6826
0.335004
1
0
-0.663225
0.0113127
18.2618
1.01672
1
0
-0.680678
0.0112519
30.0743
0.369201
1
0
-0.698132
0.0107748
-9.42238
-1.99453
1
0
-0.715585
0.0108799
4.27642
-1.24542
1
0
-0.733038
0.0111784
8.11568
1.65108
1
0
-0.750492
0.010741
8.58135
0.340945
1
0
-0.767945
0.0101195
-18.593
2.49331
1
0
-0.785398
0.00996252
47.4369
1.09853
1
0
-0.802851
0.0103717
84.8849
0.928474
1
0
-0.820305
0.0113773
17.5181
0.310178
1
0
-0.837758
0.0106899
44.3278
-1.31536
1
0
-0.855211
0.010577
-23.1291
-0.688682
1
0
-0.872665
0.0107522
-62.9102
2.18045

