-743.568
-925.807
17.3987
-981.373
-754.639
69.7488
-846.699
-798.679
18.4834
-379.758
-984.709
12.6671
-862.463
-596.403
66.0931
-141.079
-957.736
9.12024
-243.45
-903.873
7.37703
-612.73
-673.317
10.0022
17.3326
-845.717
3.67436
-320.314
-614.888
5.38176
-404.102
-432.119
62.5934
-570.646
-396.358
5.65019
-297.74
-513.25
2.29505
341.83
-696.133
-5.8154
393.239
-646.729
46.7425
-510.377
-200.575
3.08576
-139.736
-340.73
-3.3357
-67.6044
-204.093
47.6141
-900.333
233.767
1.80237
575.398
-531.235
-11.6713
-445.524
6.96988
-0.886111
-764.73
195.173
0.0619207
21.8295
-13.66
-10.6496
921.535
-377.108
35.2836
-148.604
247.075
-12.8585
-122.243
254.517
-15.0788
-95.5619
233.051
-19.7511
-95.4237
291.744
-13.878
489.155
29.0762
-18.1038
-713.074
811.032
-9.57869
20.6178
435.222
-17.3312
89.9903
462.955
32.5087
-625.898
858.524
37.2407
-367.156
698.369
-13.0623
630.671
324.043
-24.6377
917.173
238.022
21.3763
589.453
371.998
-24.159
347.13
669.865
-28.7939
-62.8912
951.052
29.0625
412.653
749.75
-29.4427
473.669
764.977
-30.1074
605.704
762.18
-33.0545
748.164
970.755
-39.6283
360.283
131.462
-18.1043
-879.3
81.0902
4.3449
-131.995
-296.376
-3.36479
-595.28
18.508
53.8479
-154.853
-104.219
-5.56122
-76.1487
277.016
-16.3661
-230.05
-912.746
7.40482
275.006
-459.086
43.9036
966.456
-720.195
-14.0182
726.714
-464.382
-13.5751
363.321
735.217
26.6891
45.848
-282.904
45.0685
806.607
-675.57
37.7551
-487.547
-425.107
58.4775
129.917
-608.841
-1.40685
290.971
-199.128
-11.9467
37.6915
337.06
-14.9976
-53.2446
874.367
-22.9944
601.044
693.942
19.7274
-905.978
-520.142
66.6234
-762.1
207.605
0.113524
-587.913
809.143
-10.4858
737.149
160.542
-25.2135
50.3574
877.847
-24.5824
-450.762
-899.059
13.3763
-511.51
302.138
46.1276
-59.3542
229.059
-14.6767
227.116
-81.1169
-13.27
-196.215
377.984
38.1921
259.864
750.548
27.4937
-905.048
223.468
2.09014
81.7598
-93.5452
43.273
-102.109
272.285
-14.6908
796.125
-567.707
-13.35
462.49
947.545
18.0804
635.626
-943.775
-4.36447
-755.478
221.578
6.3879
-711.668
-909.228
17.3961
389.488
-440.063
42.8029
-484.23
891.291
-16.4917
-355.818
-991.295
14.0625
-181.64
-337.582
-0.218203
