1.0
0.0
1.0995574
-0.20036726
33.855345
-13.040692
1.0
0.0
1.0646508
-0.20010661
35.985452
0.61757252
1.0
0.0
1.0297443
-0.20039553
36.010832
3.6332084
1.0
0.0
0.99483767
-0.19994743
35.463999
3.2218001
1.0
0.0
0.95993109
-0.20006172
32.732599
-0.011585074
1.0
0.0
0.9250245
-0.20086651
29.965437
-2.4342364
1.0
0.0
0.89011792
-0.20108006
22.390685
6.578419
1.0
0.0
0.85521133
-0.20096676
29.481512
3.0815327
1.0
0.0
0.82030475
-0.20122254
26.34591
-2.7553275
1.0
0.0
0.78539816
-0.20178355
23.612914
7.0944839
1.0
0.0
0.75049158
-0.2021655
24.829872
3.1678943
1.0
0.0
0.71558499
-0.20245024
26.891589
4.8652068
1.0
0.0
0.68067841
-0.20186283
22.144985
4.3004396
1.0
0.0
0.64577182
-0.2019957
12.592156
-5.9642739
1.0
0.0
0.61086524
-0.20218585
12.090228
13.621014
1.0
0.0
0.57595865
-0.20181222
19.163915
7.4607443
1.0
0.0
0.54105207
-0.2018205
7.0042188
6.1337588
1.0
0.0
0.50614548
-0.20156279
8.2547612
7.201898
1.0
0.0
0.4712389
-0.20261712
13.696921
10.447765
1.0
0.0
0.43633231
-0.20282383
10.822466
-1.939953
1.0
0.0
0.40142573
-0.20301727
8.2599332
6.9186445
1.0
0.0
0.36651914
-0.20299327
7.8167866
2.0210855
1.0
0.0
0.33161256
-0.20300092
7.4336095
1.8799023
1.0
0.0
0.29670597
-0.20332346
7.1894091
4.3059324
1.0
0.0
0.26179939
-0.20335699
6.5712613
-0.73417594
1.0
0.0
0.2268928
-0.20311928
5.2627801
7.8943402
1.0
0.0
0.19198622
-0.20353191
2.9964548
8.4251047
1.0
0.0
0.15707963
-0.20332876
3.2972974
8.6113651
1.0
0.0
0.12217305
-0.20371434
-14.49122
41.752303
1.0
0.0
0.087266463
-0.20383419
11.868133
-10.049406
1.0
0.0
0.052359878
-0.20427671
-8.2844315
0.97322776
1.0
0.0
0.017453293
-0.20452248
4.7919465
2.3219747
1.0
0.0
-0.01727876
-0.20494684
0.0
0.0
1.0
0.0
-0.052359878
-0.20514677
-8.0345138
4.5794599
1.0
0.0
-0.087266463
-0.20440116
-1.8609747
6.3366309
1.0
0.0
-0.12217305
-0.20455887
-8.5119462
3.6594809
1.0
0.0
-0.15707963
-0.20549559
-0.75059873
3.7140056
1.0
0.0
-0.19198622
-0.20558908
-2.1075796
4.0018315
1.0
0.0
-0.2268928
-0.20644953
-6.838543
5.4717997
1.0
0.0
-0.26162485
-0.20698367
-3.0730463
2.6730594
1.0
0.0
-0.29670597
-0.20617818
-10.579832
4.9230391
1.0
0.0
-0.33143802
-0.20642554
-7.589904
2.1398329
1.0
0.0
-0.36634461
-0.20663124
-7.6673082
5.8845199
1.0
0.0
-0.40142573
-0.20632794
-13.889204
6.4441302
1.0
0.0
-0.43633231
-0.20661458
-14.270127
-1.2680002
1.0
0.0
-0.4712389
-0.20696214
-11.000338
5.1740062
1.0
0.0
-0.50614548
-0.20709324
-12.47301
10.583095
1.0
0.0
-0.54105207
-0.20648041
-10.430992
4.6456981
1.0
0.0
-0.57578415
-0.20708649
-27.436975
3.6028311
1.0
0.0
-0.61086524
-0.20681262
-17.984666
2.5552671
1.0
0.0
-0.64559732
-0.2080717
-13.186399
3.4421276
1.0
0.0
-0.6805039
-0.20787705
-23.224034
3.0324317
1.0
0.0
-0.71541049
-0.20828409
-13.054062
4.9951093
1.0
0.0
-0.75031707
-0.20801411
-13.420561
8.8667848
1.0
0.0
-0.78539816
-0.20879642
-28.452327
1.3782909
1.0
0.0
-0.82030475
-0.20823554
-22.349098
2.3651278
1.0
0.0
-0.85503683
-0.20815993
-22.106513
5.3640118
1.0
0.0
-0.89011792
-0.2083104
-20.154396
7.1079808
1.0
0.0
-0.9250245
-0.20894136
-24.226054
2.1124745
1.0
0.0
-0.95975658
-0.20904713
-27.298559
3.7690868
1.0
0.0
-0.99466317
-0.20914159
-28.749797
7.9856168
1.0
0.0
-1.0295698
-0.20706421
-31.337745
-0.92653654
1.0
0.0
-1.0644763
-0.20938006
-34.75597
-0.62722606
1.0
0.0
-1.0993829
-0.20908943
-28.831198
0.58866033
