-42.78444942326643
-136.0726462289468
-59.41030613605449
-146.6408852973102
-71.94416489085324
-147.1636364100733
-83.12181481760445
-144.49751298225817
0.0
0.0
-100.37974733719263
-135.16207260474502
-106.53986982151346
-143.08885111823744
-124.46354881688357
-135.87755534626055
-131.8705484703157
-128.38484528488982
-142.7567789571721
-136.1524007452838
-154.62314153406777
-129.66810577118702
-168.3108316056144
-128.55478433838482
-174.62923073896096
-126.76863574586658
-174.2377796757188
-116.35129990791702
-188.549534451793
-133.3815177352493
-204.87017255514817
-123.814714224413
-203.180364214668
-122.80449570868086
-214.87652694681657
-121.55063026984729
-231.06274134323914
-121.33873493370243
-235.6260788439348
-107.71070921812668
-244.53524821409957
-114.87977874303357
-252.47493881514666
-108.25064173471011
-261.17610137651144
-106.31372366677343
-270.2937875738559
-106.83378524986446
0.0
0.0
-285.9198193590078
-107.32987351220925
0.0
0.0
-299.7645562794843
-105.15223817107972
0.0
0.0
-318.75079207007053
-82.03188463106991
-307.9440792467319
-95.39380741113455
-327.35295413181467
-92.67459667217548
-328.1521004528834
-90.0061184912346
-326.85708120473083
-94.89125475132903
-338.4117916538628
-94.5195318661391
-336.21962010933953
-92.18988554191125
0.0
0.0
-351.20300218886933
-89.08837742726469
-350.64045733550984
-90.42185508960607
-357.0776156514152
-86.03315515365823
0.0
0.0
-357.8914730135189
-85.50714937253171
-360.69029008813027
-88.67659463362091
-356.3758960784351
-90.2551228959397
-355.71463048165106
-82.41726827944355
-361.1227822182264
-87.74657764348609
-361.2480132165396
-93.20252806778518
-362.0014109545468
-87.18785194554881
-344.81570247798254
-89.52457793107864
-353.0264678323688
-86.82076777453287
-356.81117756736796
-86.50658567045825
-345.2702767800414
-88.58802758538256
-353.63590087749833
-88.69306180985856
-351.62022506107616
-93.1658956485812
-332.5848883086406
-89.28475789506035
-335.47270949265373
-89.85912528735876
0.0
0.0
-330.94995930137316
-95.6390881661369
-321.5806670916693
-92.32309223922569
-314.1623401539539
-95.55840226550944
-308.4628473183844
-101.05078861015281
-298.3517168175201
-94.66453937596299
-289.39375346297766
-96.22927385605493
-289.16351843533
-97.59925067331122
-59.171069302494175
50.25822904364867
-78.36085015032808
40.19587987899983
-93.28941378138678
40.17597790374067
-106.93042049136481
43.3147181940157
-117.75323044501474
48.82172036016711
0.0
0.0
-136.8268423998156
46.11410523751171
-156.84482270021408
53.74424549716149
-166.19301242562557
61.65109555604141
-178.8766127117729
54.29225943885817
-192.4862794007543
61.16256351253679
-207.84557428831732
62.64092936898835
0.0
0.0
-217.0333134468492
75.47640018029092
-232.7524530669501
58.75028891675761
0.0
0.0
-250.04655779505254
69.84170894936639
-262.93837975166974
71.31766379362227
-279.96470896670326
71.79449519881841
0.0
0.0
-295.1349681126013
78.63840143183995
-303.8087800596888
85.41647091659422
0.0
0.0
0.0
0.0
-330.0343965982735
93.75452283473818
0.0
0.0
-345.07316370139176
87.56715980458617
-353.14972581325105
88.96842086750802
-349.6951190984792
54.55732183622929
-371.8727202532468
112.08160093707386
-360.73405569395294
98.69219391086615
-379.74055793029294
101.35080625884969
-379.9971120462394
103.94582795978357
-378.0902929742234
98.95182225818573
-389.1120453133845
99.14485325978829
-386.1057589243444
101.31993287287942
-397.19893260850796
103.95792027546756
-399.00861103798513
104.0804455105727
-397.18458111154445
102.55864755757985
-402.32826970187125
106.72221089410274
-397.13496354873683
102.99530735732219
-400.5586350954457
106.65939870208283
-401.826451677342
103.18607916656242
-395.97556171557545
101.26128725704946
-393.5795017895773
108.758368876806
-397.1504811062813
103.07041156742295
0.0
0.0
-394.31507924357066
102.81454378345519
0.0
0.0
-381.1347946654221
102.32326301756673
-382.5019930192674
102.21256714445349
-368.73120062822886
99.64803514939476
-374.6801000704589
99.05795586360257
-370.304051720025
94.07053779224522
0.0
0.0
-349.0796719355827
96.31746732612069
-343.7373113759934
92.09607450782453
0.0
0.0
0.0
0.0
-316.8725790401852
88.34952675777723
-308.33617033911037
82.25896093777473
-295.73982895869966
88.04299916093734
-283.45242929701294
85.85414910742571
-280.3304255240057
83.86105596414771
328.11838267182117
287.3502284428828
330.3819706247574
273.0250872824833
336.61148818736024
268.6030733323583
343.5121394776355
267.7508011162578
352.8846224024544
269.1164352380988
361.9292727859249
269.50718392800735
372.84695508752577
258.0182331442728
371.4044897500441
261.9170834830039
0.0
0.0
0.0
0.0
388.30078826533725
257.9846609141707
389.1898752675452
255.9739650558717
0.0
0.0
410.3280361004324
262.85238526715466
408.82687581938205
243.09978220078668
404.49673317527106
250.4077446044889
417.69776311092386
249.05828601615582
416.77737037629186
248.25066461839225
411.19975532399314
245.69701898651564
416.26826417420943
257.22707019972347
0.0
0.0
416.5589541377569
253.0615981537125
415.3618048444611
253.44936962272558
413.1567210958168
251.30980748824248
412.32149443016897
256.61607087497464
408.90651409296345
248.5952349778864
407.802288910007
248.1336002591118
403.6801515964057
248.86576099428544
410.33720961358745
213.5139941350999
390.46973875467967
270.4736037612428
403.1168894932429
256.44882700849263
384.7334172541296
258.7985097573667
0.0
0.0
385.0864196132491
256.2125894021583
371.9689816560916
257.38468589410144
372.17135108056
260.02661133702406
357.5510984561387
262.72033056174064
351.23831610247566
263.7144448171594
347.8453469002823
262.66836110388
336.63623367893814
267.72557285350393
334.6588412867817
266.06642469200096
323.4948158087831
271.1788321489144
313.63857819777587
269.36399404412833
309.97278706468495
269.6375424009112
302.21371287980423
279.0709489194179
0.0
0.0
277.7812058533101
271.97787249575606
266.2763143053743
280.58926331412374
272.57269388233686
280.20632162401233
252.4033330506378
285.5670149538765
236.7386162716448
287.7257012574905
235.19708354111458
288.50381958987725
213.39217904550853
291.03529247243324
201.14408848560808
289.704501656862
0.0
0.0
187.34428690005652
299.2345985466965
174.3984296841466
298.9133520003004
0.0
0.0
152.77384624096743
306.7355129756395
143.1402943974935
307.0764782404505
0.0
0.0
122.4997193866561
316.3659247520557
113.99509504626135
317.73819293171516
95.32275516936002
320.47085341240796
-90.05129472966065
-155.34710594601066
-104.6084746156628
-166.34621634893585
-115.03628899706537
-167.2848476600567
-124.04733980979432
-165.0752765178434
0.0
0.0
-136.88348396367533
-156.60639148818893
-140.77018403295043
-164.98970984682157
-156.3785075617937
-158.25346330610805
0.0
0.0
-169.97189481854303
-159.4674053411432
-179.44747617624478
-153.46456639587302
0.0
0.0
-194.57967545239285
-151.56857692996996
-191.73066245786967
-141.6525454651541
-203.57207226808964
-159.18681060178398
-217.3963412909751
-150.1343959599922
-213.21167849849104
-149.63458061582756
-222.40041062014305
-148.89424877196961
-236.11321060559624
-149.188456013819
-238.1809552095309
-136.07379224945208
-244.59819332799577
-143.75646851881748
-250.04663440741928
-137.63995978118805
-256.2673786228576
-136.21366640002958
0.0
0.0
0.0
0.0
-273.6624762562913
-138.7446445073892
-277.15350993375165
-138.46495993940928
-282.7170205159756
-137.5585650243288
-277.01970969252807
-172.47814698168224
-297.0342444305528
-115.41531741973918
-283.94855739750653
-129.26203463143776
-301.10835099283264
-127.01695746315914
0.0
0.0
-296.2393143288759
-130.1643965715807
-305.63526191906374
-130.21188810929652
-301.3632474082886
-128.32006400880576
-311.52452310424076
-126.00044317607386
-312.3646774021196
-126.09259011827521
-309.90506434399936
-127.8634535187326
0.0
0.0
0.0
0.0
-311.7262218502747
-124.08464051233517
-312.8439770021008
-127.61763430167512
-306.88608834255865
-129.52317155872333
-304.68012968427274
-122.02563736231932
0.0
0.0
-307.33042807467046
-133.44505728237147
0.0
0.0
-288.2929721831308
-130.3140231055279
-295.29400129538396
-127.84620596917827
-298.02108740370016
-127.83888971083587
0.0
0.0
-292.8620035419342
-130.45898309755512
0.0
0.0
-270.16082621090555
-131.43598992051028
-272.31575184373384
-132.1252046209919
-268.9264637327321
-135.92461736301948
-266.63064139402377
-138.15626005225204
-256.83339723136726
-134.97727070495614
-249.05246315547777
-138.29731182476422
-243.0743151616433
-143.8558483982311
-232.67844829213468
-137.37483538593972
0.0
0.0
-223.44646197178827
-140.47013579548286
-80.96934060347056
-7.177086607235131
-97.8468492277332
-17.711056485717435
-110.48592452814621
-18.193769417041878
-121.78808862846955
-15.531406990127184
0.0
0.0
-138.83344644637268
-6.179628990899921
-144.80540315346238
-14.130938733943275
-162.507557694195
-6.9720839505530385
-169.5702428527998
0.4668443146254475
-179.99804293234047
-7.358572697531407
-191.35474802294462
-0.9544416409151779
-204.4715618738705
0.05967735602715862
-210.2580677043803
1.7002506211237218
-209.16972104069626
11.983098800688776
-222.70569903312935
-5.19450059808716
-238.25213377484093
4.191333583332501
-235.6695089989595
5.019369718499448
-246.43822850267998
6.06861568648452
-261.46230147073635
6.102616281772832
-264.90562671438875
19.512008559808386
-272.6317558150217
12.110133992787823
-279.3526639941977
18.487109538096945
-286.76912348262505
20.159994413289226
-294.5020293076434
19.37108815400134
-300.02647809922007
25.666428019595536
-307.29134510474216
18.280498489080074
-311.6134554616331
18.758944916171444
-318.02662453684354
19.826931695773077
0.0
0.0
-333.66112595525027
42.27673720648588
-321.0830944429762
28.56583903734485
-338.69993590427083
30.92288612346995
-337.65114924160275
33.2229498408964
-334.47683579832636
27.953804517243583
-344.2385686248424
27.929147754531648
-340.10612051851837
29.861186810143273
-350.2001128431064
32.23389316150819
-351.0227101811717
32.144785028762435
-348.34051589405067
30.389028872946454
-352.68146447809147
34.34984833755751
-346.6560455136269
30.50111077927106
-349.40778846398405
34.008254896949126
-350.0745140190585
30.395279664540354
-343.66119231769324
28.373087275637715
0.0
0.0
-344.0446803058919
29.973164559382283
-341.99577361543743
24.061418428756745
-340.6557700063612
29.634321532825588
-321.24146943285575
26.831288065557878
-327.3034876966712
29.084029954474836
-328.78555818993067
28.910388968317783
-315.1037331414171
26.378088924501718
-321.26626031987905
25.805033067508035
-317.13460138749207
20.88779475532587
-295.865015918024
24.287419701733498
-296.69671660900997
23.285713663271054
0.0
0.0
-287.9804944560757
16.61823568825931
-276.4805459035546
19.470338162291966
-267.0256576383734
15.800716387667016
-259.3081237775306
9.87779005100861
0.0
0.0
0.0
0.0
-234.18069622880088
12.093995702033418
-61.95863761759786
-337.9620692854175
-75.51339197839312
-349.14751030887066
-85.11668241060998
-350.2727470895044
-93.24682162092078
-348.211655517861
-98.88746945080244
-343.7660976219826
-104.8930287220123
-340.04756116224235
-108.26108305271072
-348.55141005227546
-123.37257258911885
-341.9084556786525
-128.09387884150595
-334.9746036960072
-136.41163231477287
-343.29338171731797
-145.72991554147288
-337.34998000517345
-156.9098625275122
-336.76606567837234
-160.6020719390482
-335.4856048210475
-157.80088391371598
-325.5692968205728
-169.78436470569068
-343.0880565895033
-183.73061972880555
-333.9839893750405
-179.82152883876745
-333.42838056674714
-189.3199865689371
-332.60647074520716
-203.66608391020338
-332.8451467627259
-206.2933939307037
-319.62991813393074
-213.34911503046635
-327.19463489351716
-219.47679297939445
-320.93666385989087
0.0
0.0
0.0
0.0
-239.43065054833806
-313.95301950639373
-246.63869713816894
-321.31961095962174
-251.27747261161772
-320.82972858715453
-257.9506090551993
-319.68165458032945
0.0
0.0
-274.8699644505175
-297.0320560041971
-263.2249909289586
-310.60674639054906
-281.85772111185986
-308.07048125898206
-282.0279868973389
-305.57101338557004
-280.15529561728977
-310.5945331644813
-291.03864384722135
-310.2937629635997
-288.4775603072016
-308.05517985805307
-300.5480001646589
-305.3847023936502
-303.2021618174373
-305.1030872084998
-302.74776833803764
-306.4940677911679
-309.3308961822349
-302.1245032265904
-305.2514853509959
-305.47452277532494
-310.41088941264996
-301.4908292427352
-313.6099491829381
-304.5954498684331
-309.69626924883653
-306.0621099987492
-309.6681874902843
-298.117874169252
-315.8290898777358
-303.3208620914934
-316.76601191025054
-308.6181459514601
0.0
0.0
-302.20695471770136
-304.5460223837124
-311.45831174334137
-301.59985066381734
-316.702298930204
-301.0868433882691
-306.4138474206537
-302.8874926456781
-316.2588493217105
-302.7140962175521
0.0
0.0
-298.39681631654673
-302.67245227872104
0.0
0.0
-301.818766135535
-306.17249076710135
-301.9558926762128
-307.89032826935465
0.0
0.0
-289.2797925739846
-306.9918766451478
-285.70573460461543
-312.03973808751414
-277.3415112114058
-305.146710144467
-271.13120679639655
-306.2792656849986
0.0
0.0
41.73075602223076
378.1953528038768
22.39778693817221
368.17099695551855
7.466209680552524
368.141828921687
-6.459494105843504
371.3535956754421
-17.422314726375618
376.8851056330511
-28.175796959731585
381.6226661771807
-36.635229077010806
374.17163060755746
0.0
0.0
0.0
0.0
-79.45541072914439
382.4840270820132
-93.34951844991376
389.40032541429946
-109.06236633561882
390.9422043209089
-117.80374573497996
393.1964770309759
-119.40298053759685
404.02807590167487
-135.61498910998006
387.3972318784318
-154.0666360572332
397.3799648521503
-154.243645968757
398.77260796973184
-167.87788655882287
400.4076231750727
-185.2473267618613
400.92580315234943
0.0
0.0
-201.75999335640506
408.0352304703258
-211.22404979953836
414.97656827990346
-221.35536120584658
417.20837103388214
0.0
0.0
-239.8462297968439
423.799828827782
-249.8565213132324
416.974147487054
-256.6358372027823
417.9699553940294
-265.7198931818941
419.5830593708191
-263.1006220521215
385.33712127393255
0.0
0.0
-275.94175312797626
429.8351313708853
-295.8899042383379
432.6850942337175
-297.041222305695
435.45971901169025
-296.1303295962765
430.6701383390249
-308.4716716797651
431.146457395943
0.0
0.0
-318.3793181594978
436.32631189575386
-321.26731424037115
436.6728140525142
-320.2761118227045
435.3183518893187
0.0
0.0
-322.5787738253672
436.24896269465324
-327.0544275092531
440.13215736706525
0.0
0.0
-324.801356015211
435.22209063659614
-323.45830375358764
442.93953785724034
-328.06187454419324
437.46838739503573
-327.4061745828231
431.8584871773085
-327.6799375540695
437.7259351978306
-309.2911890245423
435.18239372950177
-316.6641888464475
437.6899889627396
-318.7315380005949
437.7348130962684
-306.1458693761471
435.4188831894453
-313.0682120575006
435.03792230087333
-309.8820868798533
430.2991337971768
-289.0382900961895
433.8510410624464
-290.74868962631996
432.9902284540619
-286.484782471259
428.99565869975766
-283.016986020485
426.5368913855183
-271.62332819493383
429.4631591942666
-262.39319906936817
425.84990295450757
-254.81062009419412
419.9634016744981
-243.88090774358417
426.06062105509983
-231.7530132576095
423.9509717021427
-229.6480133012846
422.1678378752033
102.19237052226218
278.6652454178556
90.84909889583327
267.0414348855563
0.0
0.0
77.61402703413533
267.0722695150913
74.26220684735135
271.0484393243344
70.91280915595405
274.1873356206392
69.77789166281559
265.21747471439556
56.63696323128635
271.46499402595305
0.0
0.0
47.98277969291381
269.13830553624547
40.73770235967899
274.6342398462453
31.499842390547812
274.80216416242104
29.142891084048568
275.8464070487991
0.0
0.0
23.318194061384396
267.53484664233446
10.60575361442612
276.4119038160935
0.0
0.0
0.0
0.0
-4.947105192764305
276.5947012100203
-6.32125093486966
289.53703095085734
-12.219301876903671
281.71956645997096
-17.410328471860574
287.7865671943327
-23.529756112845973
289.19089617390586
-30.123955723543645
288.1001883179699
-34.83167430885045
294.2201056525784
-41.59784243597748
286.78134662364937
-45.49256745021288
287.08479070142596
-51.889898520607964
288.19232898234964
-46.94290999345247
253.37262341686218
-67.98689421630455
310.6312169785382
0.0
0.0
-74.42106601957289
299.4221702549529
-74.40790645634338
301.84901072412225
-72.5843614251981
296.81946332078905
-84.18548009245576
297.32972755898726
-81.88787547874381
299.6102218759169
0.0
0.0
-96.98657647936884
302.55769942859115
-96.64884929322807
301.1229782889426
-103.63496171865667
305.53514065316034
-100.87161852765232
302.5234804229633
-106.78858727241857
306.64673292189667
-110.86382871593474
303.7101039650275
-108.22946122840409
302.53405841003877
-109.20291587317334
310.6670121680697
-116.41315896703604
305.65906695314493
-118.61461681985263
300.6180942568855
0.0
0.0
-106.98450717924933
305.3060586933448
-117.99532539949196
308.6397856277976
-124.1232554129208
309.25753370568754
-115.6882421507807
307.860233805962
-127.09134568961882
308.3377880964294
-128.54823539400047
304.6364208892802
-112.7468332672614
309.0940711218355
-119.5443169318585
309.42182929450223
0.0
0.0
-122.81955341060848
305.28033170546365
-117.32899880599611
309.3409864278352
-114.11691239386265
306.9854222010609
-112.78270025140779
302.4087179312166
-108.04372452638313
310.1529940569835
-102.80290458928589
309.1354261148939
-107.46202439768685
308.8321365615633
-17.288818754473326
-302.5931249369426
-26.390222405601584
-314.6720272432357
-31.5705563084949
-316.70783443718
0.0
0.0
-36.69527820362404
-311.938784899749
0.0
0.0
-37.64181126711671
-318.498578329555
-48.66988627410165
-312.68017653878485
0.0
0.0
-53.758927070074755
-315.7475659851032
0.0
0.0
0.0
0.0
-66.7449853943797
-310.2388732888273
0.0
0.0
-68.96242459880608
-319.29767585558625
-79.6051549450187
-310.83365288390195
-72.49968316246161
-310.93286586600965
0.0
0.0
-90.29906122686438
-311.67335730680975
-90.09783719484179
-299.06235623899255
-94.45640772921865
-307.2039488259217
-98.0255318748174
-301.46984566672694
0.0
0.0
-107.86290512031128
-301.7626916494753
-111.13099586496074
-295.9411076366678
-116.35045189613194
-303.6876533024738
-119.13727701867018
-303.63225750017745
-124.11941958040182
-302.80670606769525
-118.16320999586858
-337.85407605207314
-138.1004815686714
-280.83035211889
-125.21656585394271
-294.7207519590812
-142.77104267467942
-292.44125088822364
0.0
0.0
-139.38754989258211
-295.3998979712395
0.0
0.0
-146.6898917581733
-292.9912420761363
0.0
0.0
-161.0179250283459
-290.26470642639805
-160.60377423127258
-291.7669437922458
-167.39281380944652
-287.4284188819056
-163.70409070101618
-290.5848865326874
-169.3956079841322
-286.52400726086654
-173.29057280185293
-289.511112497655
-170.2452770188608
-290.75441491084405
-171.23168534250132
-282.63659046619466
-178.56378023657305
-287.64065262090975
-180.83150871066022
-292.67589067846484
0.0
0.0
-169.3920106176511
-287.9474576118191
-180.44795525487382
-284.5872422443106
-187.60022776952863
-283.83180919879084
-179.4004795401964
-285.1674802551231
-191.46722566415235
-284.5746986863231
-193.25739474171974
-288.1892931609337
-178.4864727004903
-283.5607583486969
-185.58546327195046
-283.1358314906463
-187.32641009284856
-285.8426686657769
-190.37903891763222
-286.96081841791926
-186.10030853605815
-282.67969900600383
-183.85046927576988
-284.83713273924377
-183.5412046510279
-289.2015723410344
-178.60647308018707
-281.3859211383724
0.0
0.0
-181.4751077014541
-282.0847044358025
-134.0702136676048
-253.29363211118238
-152.5502616131014
-263.50339430710176
-166.9212608665113
-263.6329245668174
-179.76680585654265
-260.6607624070825
-189.95190851819632
-255.28178898785646
-200.31240311616276
-250.5887695004181
-207.9544047495311
-258.1971702703971
-227.23112201088117
-250.71907055101155
-235.94065661602818
-242.94036683809307
0.0
0.0
-261.0624928979713
-243.66196045878388
0.0
0.0
-282.90704579145574
-240.41139740323396
-283.318566963982
-229.81832619406958
-298.33936396289016
-246.68687835964693
-315.2039618977523
-237.0411318839944
-313.9994581003928
-235.9308953782556
-326.0483269025463
-234.62755630443078
-342.63250873948357
-234.24110895942928
-347.3946715644421
-220.55392851765595
-356.3976327690606
-227.68656107801422
-364.30297657402133
-221.0666210155454
-372.86979626200787
-219.15667772812117
-381.7852810456863
-219.68989883834675
-388.3787279557198
-213.17284983842274
-396.60215399100935
-220.37065668006682
-401.9910489651867
-219.65548681434151
-409.2760272149435
-218.41612112660263
0.0
0.0
-426.72247990345943
-195.57051379067315
-415.01895913981105
-209.08084076466838
-433.4112123722552
-206.55197610850746
-433.12386197161305
-204.07436893373438
0.0
0.0
-440.7503713716019
-209.1779884665169
-437.1553554471006
-207.12698712072705
-447.91531795001777
-204.57071800593633
-449.1476060373098
-204.56987131751316
-446.99961673970625
-206.17187791631252
-451.73888961813935
-202.1012131930396
-445.73979217030484
-205.98431739664122
-448.70704272270535
-202.4197767181123
-449.522230562155
-205.9913941735989
-443.0788722509647
-208.0350176250435
-440.29591772499225
-200.62409949257042
-443.52006808503995
-206.3912016727278
-441.36875616618465
-212.31793088800492
-439.6924555888467
-206.84597763536823
-420.1736895469589
-209.64100029563326
-425.8629079487148
-207.47997338542575
-427.2810696102016
-207.60569401331003
-413.1331903233246
-210.24575289063395
-418.9159215976258
-210.87951127283247
-414.1886811521622
-215.93532417815948
-392.5147855659229
-212.5846167978238
-392.57261201739766
-213.77593732406478
-387.0165704128169
-218.0407990539106
-382.43280636723927
-220.74090090287535
-370.2841283101005
-217.99846092822173
-360.0096084868382
-221.83737011383388
-351.4160416747154
-227.9422101584624
-338.11525046693816
-222.25959014598055
-326.51303317275085
-224.35655287238825
-323.2941980548018
-226.36356356434285
0.0
0.0
22.92025309263633
332.4474479500646
12.948743715542022
331.4085358099333
0.0
0.0
-2.037513833697716
338.14820588093784
-7.915765711775805
341.87439187963884
-11.510658510520173
333.4257383676373
-27.02245128104458
340.1454577362907
-31.84249685609167
347.110369516059
-40.00061683953831
338.7831063384468
0.0
0.0
-60.338626383974514
345.30644251051706
-64.50267252465086
346.6580762979767
-61.63114298693654
356.56576554373413
-73.45432018792907
339.02243471670704
-87.57398192400245
348.1457802326124
-83.52702831011509
348.6735409153246
0.0
0.0
-106.41230871858524
349.09440126858857
-108.61543970280266
362.2312678929514
-115.20632471475356
354.57910705125823
0.0
0.0
-127.51736655756747
362.254464846609
-134.37925382423415
361.25734291991586
-139.23631028145172
367.4120562925048
-146.03201447049548
359.9509776328561
-149.7690174413542
360.2711890936494
0.0
0.0
-150.53279916870667
326.43897254429794
-171.02316799187702
383.59735608142387
-158.27896039972524
369.81131520802
-175.90438654992712
372.1475153623769
-174.90946103100822
374.4197565938044
-171.97533628584804
369.18223769958223
-182.40558948928015
369.3644801895961
-178.73969601410317
371.37895492662346
-189.13985893290618
373.7308397359224
-190.66146733099242
373.7790988361693
-188.52021184800378
372.060076551612
-193.61148985579578
376.13136198649585
-188.90615580778305
372.6291487009204
-192.70766629542527
376.33481247899226
-194.54299229663832
372.94932275246657
-189.57731130049424
371.255540252957
-188.0785818375477
378.8977542790184
-192.70406502285786
373.3794807505547
0.0
0.0
-192.81135859044187
373.8111825872743
-174.97808747377883
371.2944727785484
-183.02878621869257
373.98471448041585
-186.03519095502662
374.0426349313747
-174.47025110219602
371.9704462604232
-182.6206553239992
371.7899826315557
-180.78748593388997
367.37558238184505
-161.53688393948505
371.1536516720865
-164.91315928130211
370.7237852238421
-162.4979850485463
367.13021291396126
0.0
0.0
-151.89728066516236
368.3940189080686
-144.99619784603567
365.26082812335204
-139.90502059822717
359.89081101112976
-131.4864242625565
366.7805495519408
-122.27608428206044
365.001498650875
-123.07633466417263
363.87028604525807
-33.01522076192009
-238.71324175477005
-45.827500612073266
-250.0469785106143
-54.6450798871518
-251.33457582135338
-62.074545137327284
-249.41082033332424
-66.97195642376495
-245.1172453510636
-72.1802466685447
-241.57059690657414
-74.82422721737306
-250.22473879323925
0.0
0.0
-93.28480525398209
-236.92974913733647
0.0
0.0
-109.53971362660965
-239.60212989663785
-120.07546627505656
-239.15504039228554
-123.22822396718186
-237.9750938243158
-119.83766825743584
-228.1817951032662
-131.24731168128977
-245.8216085255012
0.0
0.0
-140.27518455720127
-236.361638041005
-149.3104371698858
-235.62930194449004
0.0
0.0
-165.25679106114362
-222.88935223709848
-171.87822039437353
-230.54755721099525
0.0
0.0
-184.2380602052341
-222.8611123362453
-191.42959269241553
-223.8108542898205
-196.52148756783757
-217.60984751243188
0.0
0.0
-207.8086969997413
-224.606084019744
-214.2712184846203
-223.49663599010708
-209.62417396298287
-258.2324852310761
-230.76553477571446
-200.94693647696405
-218.93222769418475
-214.5713620094122
0.0
0.0
-237.46528826754528
-209.60806733836984
-235.51313057862373
-214.65304144947905
-246.4369318493288
-214.32545800421025
-243.8584819204458
-212.09437323512805
-255.86568020176503
-209.46018332181137
-258.5663263929462
-209.17118213072456
-258.1136000360484
-210.58297183395166
-264.7577019270143
-206.21370134116574
0.0
0.0
0.0
0.0
-269.5790065498761
-208.5623627416855
-265.92124550086385
-209.9682040669581
-266.11895564330337
-201.98341949476696
-272.5270704218859
-207.14262732715736
0.0
0.0
-275.6618073131044
-206.05658566941747
-259.89320480322425
-208.1630264066527
-269.5589397234056
-205.12386679740203
-275.09064975674625
-204.57730564267544
-265.25692459277025
-206.2779067957216
-275.52274494078864
-206.024020858017
0.0
0.0
-258.6043790481767
-205.79281645669988
-263.6324492561003
-205.85963461926386
-263.1660003084314
-209.03985232786798
0.0
0.0
-257.1007656275179
-206.83098256571037
-252.31825815350507
-209.51650163766067
-249.3663978834059
-214.4338422079178
-241.8549218066205
-207.32900550097784
-236.0851870734911
-208.4022699515482
-238.83963966518633
-209.1165089153652
-101.64308732664279
-281.67405931372934
-120.7872860355991
-291.7391645577737
-135.88181832638253
-291.7325625403577
-149.47321715621152
-288.59278645560823
-160.46201148140142
-283.0549544666004
-171.68632922724277
-278.21432712784485
-180.2157227744519
-285.64916172402997
-200.40983591758322
-277.98039657109894
-210.08467216442887
-270.0130696003756
0.0
0.0
-237.2572092155567
-270.34394421881353
-253.0349770847147
-268.78629512952995
-261.2558529479178
-266.64368729222565
-262.7999745916538
-255.82226282397724
-278.98500537065433
-272.45707733212436
-297.0281620127714
-262.56099792724575
-297.0394134419108
-261.2022042830558
-310.3232592792183
-259.6408107356752
-328.19940568937835
-259.01093227184987
-334.25503929969153
-245.06178347575195
-344.5722898046864
-251.9273825813467
-353.8062611464454
-245.03356993754255
-363.7205057643673
-242.84639589049618
-374.00717661214355
-243.10144148726928
-381.9796742817203
-236.300444726474
-391.58898883412394
-243.21016055324077
-398.3899318887995
-242.2075702679989
-407.0826590120091
-240.67628121724164
-404.45465602331853
-274.9220569313399
-427.3867764623436
-217.24341200217526
-417.12347835010206
-230.45706404339452
-436.9542589752514
-227.63038798391756
-438.10279893515565
-224.85466277287733
-437.03364631872466
-229.6764262077599
-448.5896124415305
-229.3657152764596
0.0
0.0
-458.62340353761414
-224.15648160057992
-461.2701338450101
-223.86005423216506
-460.5416396475833
-225.15780836571042
-466.6757053327004
-220.78914266709836
-462.04743359639207
-224.39441440677098
-466.3767979338498
-220.5415547272798
-468.5438809416445
-223.82692992198707
-463.43213294871225
-225.59647462884172
0.0
0.0
-466.4847663750632
-223.3937648196555
-465.6026384047317
-229.05128897480637
-465.1590191747077
-223.3338304017018
-446.86131684606914
-225.858970180918
0.0
0.0
-456.33568268205545
-223.30099831880284
-443.3159771606904
-225.70810889135674
-450.2047324232788
-226.0971527281887
-446.5404359288293
-230.93619241444082
0.0
0.0
-426.96321371864184
-228.339537902436
-422.3623406565631
-232.40501700503637
-418.70870923129206
-234.90364861204824
-407.4532872479757
-231.95080801610007
-398.02054356414914
-235.60751891917195
-390.23197430453774
-241.53818755943286
-377.6649989456427
-235.7760661315849
-366.81293129604455
-237.62862777716356
-364.26554417169314
-239.50405641701587
56.18668304273852
-375.984679810394
0.0
0.0
44.00736763874757
-390.52893575227483
41.14796592537225
-389.4744695431267
40.588121489948406
-386.075484118235
39.45992718772047
-383.46921628514673
40.81463629543971
-392.9684447053652
30.255352896524542
-387.23493526506314
29.878878833854728
-381.2290151337422
25.695293474192752
-390.4874402472373
20.31794484975029
-385.4174045965775
12.877391670130123
-385.65113585521254
12.757153926661275
-384.9960657117866
18.88038814132382
-375.7844561593746
9.997240602740689
-393.97429605331473
-1.0423073060770065
-385.3938708897965
0.0
0.0
-1.524231205286199
-385.01180604838135
0.0
0.0
-14.398655317968
-373.1286133324752
-19.73674388117785
-381.0861604700046
-24.374399687880008
-375.1299650999015
-30.112779143693274
-373.8050601873608
-36.68653050741571
-374.9419145288794
-41.33427964872012
-368.8387272796788
-48.012821922319446
-376.2645981911162
-52.403220181385564
-375.912615386299
-59.03978662325018
-374.72937256288014
0.0
0.0
0.0
0.0
-65.7629881094598
-365.5536793923247
-85.36370021973
-362.8679637465312
0.0
0.0
-86.33106375312028
-364.9662867809197
-98.85216790616165
-364.173091027216
-98.21531308545207
-361.5673785760057
0.0
0.0
-117.52863287016122
-357.86587454634514
-119.73188440629849
-358.86952116987396
-129.16653411999917
-354.00479117598667
-128.12185667552652
-356.56623015854376
-136.55773799744134
-351.9428755471444
-143.26196587605978
-354.3506685335741
-143.05825640920256
-354.9859817637623
-146.95746798776273
-346.26926657183355
-157.24975379728687
-350.6648584368895
0.0
0.0
-168.4883893982564
-347.81129930282054
-157.1118092817488
-349.07796722096657
-171.24380223187472
-345.0654804085292
-181.55886505329187
-343.6699148335134
-176.47146240500825
-344.345483559437
-191.7039967062816
-343.0898933976759
-196.63439408017967
-346.0384160053802
-185.09037847937307
-340.73307896104063
-195.32995028128005
-339.64147106322116
-200.22601035730574
-341.6817208922335
-206.4767643816508
-342.12369577070547
-205.40108742120634
-337.16062520359134
-206.3003921748499
-338.64915980681343
0.0
0.0
-207.22825506083504
-333.92337897858795
0.0
0.0
0.0
0.0
7.141910323813505
-264.9684369377969
-2.089274511391608
-277.0166395082117
0.0
0.0
-11.360338793113115
-277.7863682556399
-12.872241374791713
-274.18574101953027
-14.785939561455372
-271.3582084469754
-14.192658803778372
-280.68576936019934
-25.458934043978513
-274.8170584453268
-26.408926486164127
-268.67403756608684
-31.03888121873776
-277.796670563708
-36.78936980976929
-272.61966966839555
-44.520166839033
-272.7709755697111
-44.934902493137976
-272.10293945491145
-38.930384885233906
-262.8562815940624
-47.83113335015965
-281.0271209011031
-58.85726434591398
-272.4796883795565
-52.135660475746526
-272.5004664837324
-58.972415403776026
-272.1927479357249
-70.71603560567688
-273.09045916697914
-70.93331346892296
-260.39580126735757
-75.72397064882077
-268.4506156973765
-79.74616373840668
-262.62300004147073
-84.77373110523436
-261.4438052231629
0.0
0.0
-94.26365154459694
-256.8068301149601
-99.98916749911973
-264.44705553219796
-103.26619236623824
-264.29390049252726
-108.77179759494025
-263.3588469674401
-103.3242389251499
-298.303918639418
-123.7884097854491
-241.1720809982754
-111.42568013207654
-254.95721048189486
-129.51557846238464
-252.56801443078774
0.0
0.0
-127.21423671654799
-255.3045981758172
-138.1043288748926
-254.89696552091766
-135.6652185604635
-252.65538561706907
-147.97955253135154
-250.06643532059587
-151.0889338703347
-249.7030762195464
-151.21132035365105
-251.09419441625664
-158.54816411875944
-246.64109642637646
-155.46797222483397
-249.67005056272538
-161.71891520062607
-245.491942068956
-166.1767562160795
-248.36086613698794
-163.71637156952892
-249.48219948725387
-165.25803036810476
-241.2473848473332
-173.13962676326722
-246.13512726163464
-175.96194477354007
-251.05341121539078
0.0
0.0
-165.62581089930302
-246.0931891887244
-177.24042808934874
-242.61713248164676
-184.87498512875436
-241.75279155624256
-177.21409721837222
-242.97600196291089
-189.78646453566577
-242.27362158888965
-192.10241148382545
-245.7791998585001
-177.80599383858913
-241.04401165349063
0.0
0.0
0.0
0.0
-191.17410802941626
-244.1362174293311
0.0
0.0
-185.52511097073898
-241.8186660846093
-185.64989271803861
-246.08996096705306
-181.22988661391702
-238.1894654768687
-178.7655872216013
-238.71588007388794
-184.81957710486165
-238.71145896576303
121.32677724758794
-62.35280277216205
118.17881168026584
-75.61576685259094
118.97080072896708
-78.89243418244772
120.86195601802352
-78.79543491588392
125.20810152374216
-76.3931707671648
129.17326163506962
-74.84143363442081
0.0
0.0
129.58755978400018
-80.56937016673578
0.0
0.0
134.69189236253067
-85.82889838359941
134.0584915589724
-81.74901285733674
131.27151236260858
-82.95259852352862
135.4753240147089
-83.14934470103722
0.0
0.0
0.0
0.0
134.71725398142155
-86.21230001593624
145.47499939330623
-87.06018431652564
142.43853638162216
-87.48785465475522
134.5454285042482
-89.34907292698033
137.8260400572162
-77.40838508878495
136.33052513419526
-86.17461519945883
135.35972605849554
-80.97087367236904
133.18159132359648
-80.37955470652292
130.1399716340488
-82.27781065645303
128.81506189833303
-76.8633877128766
125.25180885515456
-84.90473996852494
124.03368832437424
-85.25419176633791
120.25418521264794
-84.63635018311606
0.0
0.0
108.17688751263387
-63.15426839368011
121.70151821323623
-77.26645628774652
104.50905003505109
-75.11165175377519
105.42162300756827
-72.98070611528244
107.93667289537991
-78.20567722993601
97.07514331950672
-77.65607019047448
99.47107513688711
-75.43682633499967
0.0
0.0
83.39296626596949
-72.55233967728475
82.65835141360186
-73.9851566433988
74.42748695256262
-69.44940830405773
76.1365694925732
-72.03385955319361
68.48769746002768
-67.61110812756729
62.392759704475495
-70.17654696438336
62.892082968451774
-70.82941420497698
59.282821263391
-62.21544870615858
49.12654327644327
-66.69056928361171
43.77553070781559
-71.10175886045775
0.0
0.0
48.387908412522705
-64.93775647730772
33.529401172989836
-60.732897022325936
22.76164895166331
-59.42425870131445
26.811189721873674
-59.85282270388124
10.544882473515681
-58.43704249750106
4.222286528664599
-61.05334704956362
0.0
0.0
2.4601339572165717
-54.03958473041792
-4.250940065990849
-55.68607533981693
-12.428936818383814
-55.74107170998218
-13.288894461614518
-50.45176456372577
-16.415504235259032
-51.48167238427395
0.0
0.0
-22.900562721247294
-45.33220238505932
-25.39808059751256
-45.076626506406384
-37.04754858615091
-43.85227491727157
172.59536939250083
50.12538097235942
165.92020946076468
37.58521887258257
163.21824437079042
35.01109471124855
161.50665930768216
35.84767980787136
162.29392261790815
38.96960455271672
162.76449049155042
41.22190152148541
165.4234779647946
31.44896027464222
155.9851582516867
36.9584299435831
0.0
0.0
153.96993024922207
33.153368045220944
149.78116361708845
37.96392345116941
0.0
0.0
143.99498953819983
38.0350259069813
151.04801091550465
47.05029490492104
0.0
0.0
132.6340751614466
37.140561360900115
139.91880257157456
37.00350375606332
133.41232717653023
37.276918137449485
122.25383430481764
36.1230000027317
122.2080926387552
48.755629693187714
117.43341010684951
40.67246951541605
113.20858390635746
46.544901427352634
107.83701616869581
47.7939146835884
101.70299784343258
46.54991763349785
97.31296291978548
52.5982361104259
90.71735705817358
45.1675957914979
86.62325553737017
45.437033703974095
79.96266399906477
46.63581566475973
84.29190121486769
11.873660623910894
62.4827488765088
69.26870843905148
73.45815512030902
55.716982568164646
53.77921346559738
58.40617047491677
0.0
0.0
52.5302788749108
56.33420464515859
39.33281395997506
57.30590159848515
39.614597635071576
59.97726880309595
25.257949882904242
62.88861426387551
0.0
0.0
17.280146447071488
62.75194113829757
7.421299399057479
67.67979196438253
7.413908033031494
65.37722694748774
-1.6777631410493825
70.12622593876759
-9.113246895321597
67.86216618023587
-9.913486166663033
67.45084938983342
-14.615425027367223
76.32301832436771
-25.73565696607953
72.08608455110813
-31.959200511752613
67.87185449161872
-39.27620538391125
75.4424594387415
0.0
0.0
-44.17837810510949
78.62524654517053
-55.164804960561895
80.11484093671426
-51.413675830564934
79.72831944122535
0.0
0.0
-74.14900761919976
78.57345963994634
-63.65315557295869
84.0753102855209
-75.54135676002946
85.53296661638933
-81.90755175017445
83.80550375752007
-89.5800120302981
83.6597689916761
0.0
0.0
-92.13084371094807
87.69317574866712
0.0
0.0
-97.06458349355
93.30839750765435
-98.14642197741955
93.5027981859929
-108.62254379308337
94.44848253623195
-140.19450394480984
-331.8319482569001
-159.39299908924835
-341.89343588737216
-174.5361167056605
-341.86875209739065
-188.10582962287742
-338.7461330891194
-199.06782392455727
-333.21048206343994
-210.26669665763643
-328.3521660281528
-218.70781289964083
-335.7989368896885
-238.76418890561115
-328.161434363771
-248.2869045738704
-320.2179434364884
-261.25664931393595
-327.5159504405184
-275.0790628170721
-320.6004369282736
-290.60889539784756
-319.0858451526026
-298.5060823162536
-317.02549490805643
-299.7312682627763
-306.2658057820145
-315.56916983392705
-322.96671983248063
-333.20603292041073
-313.16357078733023
-332.80008578367784
-311.88992466429704
-345.62353601406755
-310.42915198175916
-363.0768348302573
-309.8598919316934
-368.6380640488212
-296.00736903448575
-378.43233160806824
-302.9760023920535
-387.1049439875135
-296.1982937058544
-396.43283597334494
-294.1316380735711
-406.12344670908465
-294.50243117415397
-413.459924106464
-287.8318649778837
-422.39484068478146
-294.88543813456783
-428.53144919393185
-294.0116441160643
-436.50523882070763
-292.63253634723753
-433.16704621715417
-327.01781238949513
-455.35423310568484
-269.49099787870546
-444.34288745438664
-282.852028184102
-463.396301565583
-280.18257512601735
-463.76289985806017
-277.56279794407715
-461.8747410450836
-282.55203650858914
-472.5495256468986
-282.434324201962
-469.5358609575189
-280.2600961545209
0.0
0.0
-482.68183118565076
-277.44469938308293
-481.10384756784754
-278.9115761720249
-486.36483272592454
-274.7212875043258
-480.7722996421932
-278.53498942865394
-484.19485251777223
-274.87019459369446
-485.44082606450274
-278.34733188152694
-479.36910772481684
-280.319465740654
-476.9737183694147
-272.82124914994404
-480.5646372026131
-278.50385760698157
-478.73888914756594
-284.3593131638904
-477.3086367784382
-278.8494600635802
-458.0961210811113
-281.56649557827546
-464.0041590024501
-279.36580747882886
-465.72211769170605
-279.39925564948487
-451.7435501732291
-282.0081360564603
-457.71138094564583
-282.5932247649045
-453.0931088272156
-287.63242258639093
-431.57631134310793
-284.2298532347577
-431.6665594118082
-285.42772848173684
-426.1496221969558
-289.6861419643745
0.0
0.0
-409.47866257699434
-289.61203420193965
-399.1726640055157
-293.45508235837036
-390.5187384407195
-299.57046940049327
-376.97403524144113
-293.9888890875562
-365.4151001215564
-296.02174739720726
-362.0251013628306
-298.0719606333977
-44.749126286412654
-34.96342199818805
-63.4766992846516
-45.11124949119771
-78.02760445936202
-45.2171653769741
-91.26615996263382
-42.145382342261215
-101.77315695696362
-36.706189200557276
-112.35589856715507
-32.003142534124315
-120.40015906003366
-39.53882269217309
0.0
0.0
-149.40333166290776
-24.08070673691574
-162.0074831789393
-31.475040683432002
-175.5626133913859
-24.629066294796402
-190.8993911025878
-23.16515208087303
-198.90718764107342
-21.059223451878914
-200.07545533333382
-10.316373713329405
-215.88514871079278
-27.030489757892624
-233.70628385565482
-17.175038735022987
-233.41711787020816
-15.877820905931557
-246.48148969807517
-14.35780535946072
-263.8324685988094
-13.85014151146381
-269.5872116667806
0.034239699653610955
-279.6235193150698
-6.891946793019095
-288.64679423388156
-0.04115316443176198
-298.35980822735837
2.104487638923743
-308.38559495707716
1.7908490056945325
-316.18568532454185
8.55578689248697
-325.70688689881183
1.631568114555911
0.0
0.0
-340.91098498288784
4.102512174166726
-338.0969319064086
-30.18773405327238
-360.9265126141149
27.467823527284835
-350.5002789509241
14.213415382000058
-370.23489454594693
17.01623572021115
-371.2622890247483
19.760022892122258
-370.1454965094492
14.925154271251145
-381.90384301864964
15.289812375042331
-379.73872352571226
17.63552162394886
0.0
0.0
-394.4654095741973
20.75187423150262
-393.62065448947163
19.416274110880337
-399.73598625955583
23.77265635101412
-395.436043522044
20.248689151277716
-399.8528341396703
24.116044059692783
-402.1360696248795
20.851877172748083
-397.28363225158176
19.141204606933236
-395.94796558246725
26.8559952067235
0.0
0.0
-399.92292089420073
15.773537290122036
-399.88167872296924
21.5840546050174
-381.7027715191902
19.075449685501226
-388.9366257614807
21.55794531758584
-391.52039020994766
21.692518756876666
0.0
0.0
-385.9829652312239
19.01903088948967
0.0
0.0
-362.2740593091088
17.892420175406862
-363.8311036274746
17.007491771758616
-359.6324529644239
13.027824307835978
-356.3421688087404
10.604360161740594
-345.342328383089
13.604836530584173
-336.30365021014387
10.030664276010768
-328.92518769497497
4.186132613845444
0.0
0.0
-306.3455927933255
8.271894975812948
0.0
0.0
208.22009308955398
-393.02044305436795
210.40871345062175
-407.3256387617655
216.1682929684575
-411.6574329785943
223.07962880763603
-412.50399597525615
232.05982975632463
-411.0608132744845
240.22262945794571
-410.5044994532164
250.64102612911904
-421.895272127824
0.0
0.0
257.0718103443428
-413.72906096085774
261.14930714577076
-424.8086249406592
263.7540030850391
-421.46725270752484
264.00462726062386
-423.35111572560334
271.30619525136996
-424.06287488716714
284.51206053122587
-416.337123881407
282.38843983760523
-435.9646677793375
0.0
0.0
290.47658384963614
-429.8413952117444
289.1948860439302
-430.5722004320445
282.3524763631733
-432.8781369538511
286.7192402862783
-421.2059680876723
286.0576610807195
-430.186352698356
285.7377899326497
-425.11129758067284
283.9411347723848
-424.60019319525856
280.9135600748661
-426.57284480458935
279.4430232908784
-421.1358282555365
275.5685046247386
-429.06040264659583
273.5567895221809
-429.3373723846289
0.0
0.0
274.6936284625332
-463.66919215524035
254.09993058846234
-406.5599821504691
265.7983069970767
-420.38985657615035
246.59595134402952
-417.8710527968442
245.20016614072193
-415.3507819669207
245.21465253802762
-420.09763332560254
231.94357978235604
-418.89325074094916
231.38118727600164
-416.09270198747276
0.0
0.0
208.4383783009626
-411.98559588780455
203.81043651129355
-412.77166749154384
0.0
0.0
189.50971362310923
-409.1412898072753
177.5396391675524
-403.8591384927322
166.90768418462417
-405.51043765373663
162.81268754737573
-405.1486819654749
154.2364176463982
-395.54231765376517
138.90111814725913
-398.98731446354753
128.25734710181683
-402.30738616339784
116.56716804363604
-393.6621282874458
121.86927192589378
-393.83116564932175
101.30360507030507
-388.3898379326756
84.22671617012925
-385.92135273170277
82.26169911912777
-385.0559269413304
59.64074935439423
-382.34761894418284
47.04587526866936
-383.608327213128
50.55265105557788
-376.79688892286504
0.0
0.0
18.702671821303753
-374.0603041872238
3.613670641219386
-372.6680515509517
-4.3713843494094675
-365.9204278394832
-14.509450785964702
-365.4708999233477
-26.865653890848215
-367.1647671348407
-34.63475687066808
-356.32076023030754
-45.078490821975805
-354.5016814448521
0.0
0.0
-270.6345837429172
-86.8016275928519
-277.89436067781514
-99.33149856418552
-280.76932027101503
-101.75028247043227
-282.0660078932887
-101.18428732019561
-280.45424608149904
-98.18202799916996
-278.76840077516084
-95.84325797665957
0.0
0.0
-281.46110311892807
-100.89777880111112
-277.87158279785126
-95.60619147512453
0.0
0.0
-278.10022057240025
-101.36207888370595
-280.3003883531184
-102.56989878850015
-275.01601780710376
-103.22716675732988
0.0
0.0
-265.3394763268532
-114.64310300670866
-269.7229461223146
-107.54873697485029
-256.00913249071425
-108.99813807844663
-255.61925955138145
-110.22824531599323
-259.6561924762884
-112.46684454230066
-252.04533122008183
-101.33617454959276
-248.76066674157772
-111.01195413183548
-244.50191660609127
-106.8937207936722
-241.01355055845607
-107.46590756884137
-237.96673971570118
-110.5005327827998
-232.7721001297194
-106.41834136432857
-229.39203265005358
-115.97423980732485
-223.28026791806303
-117.69280501687626
-219.31213545027177
-118.74155090236192
0.0
0.0
-214.77032786456914
-100.5266424598935
-192.38721442080347
-116.33451539902342
-200.35728983122937
-116.01743938731582
-189.93343523516205
-115.73778554707691
-177.4667706771559
-122.97615458857273
-178.0594124295173
-124.7610995609536
-165.12583178101667
-124.68615171915894
0.0
0.0
-159.29090508418705
-126.10924429807
-148.67950486804352
-129.71909193381902
-145.35186859912363
-127.49319557534086
-131.64584170699334
-132.75402829695983
-127.25251299442868
-130.8047601976788
-121.0307130385245
-135.91453137982333
-107.91981670918679
-139.2585377794728
-98.83733203988409
-133.259980991941
-96.14071593770916
-140.384028071157
-88.47271747939989
-147.51356796389416
-81.72338714640202
-142.89631997406357
-57.478419262592176
-146.8931506600225
0.0
0.0
-56.33043276464707
-146.94512490559407
-38.72157884467375
-150.24547416196603
-41.4293616715421
-151.67637089127123
-34.09306424127507
-157.1843350479191
-10.16761046181017
-154.59835463639428
-8.495634541126222
-155.9476229268237
-1.620809323392109
-160.46292138795258
3.8705501404507032
-163.41102854038436
16.512249254933394
-161.00922647921928
26.81381860082618
-164.8935075903392
34.998089375397505
-170.94687482702827
47.32820861996368
-164.28278353284134
57.777311112081236
-166.9991886674067
0.0
0.0
-176.0079775866315
-215.74249801841714
0.0
0.0
-178.41278241264277
-232.26468639626296
-176.00773250215573
-232.39113902231378
-170.92302459899219
-230.1082653000335
-166.01547025129426
-228.53520713011196
-158.4405027011087
-239.2517194081454
-162.5601534094219
-234.85619509350596
-156.17908208198924
-230.1714352223357
-153.3064575700766
-240.75163325715496
-151.4105857250551
-237.09227319244292
-151.35697947366234
-238.80670988018775
-143.8833631136481
-239.8198682219059
-129.84305367842015
-232.2048231935037
-130.59314560944387
-252.02795726254868
-133.38092874000785
-245.19920945507073
-118.3162638544452
-246.92636499696852
0.0
0.0
-119.95307296971346
-250.94027632906324
-111.60505356914118
-239.9959663082811
-107.7789460864828
-249.81588985796074
-103.14677342084713
-245.77044814137207
-99.48800940184012
-246.3790090292077
0.0
0.0
-91.54957532707641
-245.329544254864
-88.56119566955996
-254.7643968345371
-83.12937112615313
-256.41255078957477
-79.95298688880024
-257.2637714588352
-65.85239109367039
-294.00701433298195
-77.70831748492762
-238.6589276596736
-56.79076834866202
-254.2364902058841
-66.39086241877398
-253.62166354602596
-57.801805827964
-253.0295969005305
-47.34532987070881
-259.8818243380104
-49.9948241290018
-261.1221808501353
0.0
0.0
0.0
0.0
-38.9472918055772
-261.0460615765509
-31.32219715259362
-264.1583024667572
-31.090422913208975
-261.36005152814965
-20.49852793854501
-265.8549383820951
-19.48925451726671
-263.23140515753016
-16.820255663422643
-267.624301705973
-7.367828082741617
-270.16259326333466
-2.152377521966578
-263.39016644424026
-3.474885602320171
-269.713417221919
0.06256193176722746
-275.99081553281854
2.6416643347167508
-270.42927788027595
22.453488928458576
-273.5620634001876
0.0
0.0
14.356260025390583
-271.7671638062962
27.25643594587374
-274.0554536432902
19.65827189392573
-274.4902697041779
22.08594839071609
-278.938690064159
40.85428365940973
-275.3240938403618
37.467131569270464
-275.56143385018026
39.167245594117
-278.97834640370684
39.32796576597271
-280.8095861230679
46.539443289367206
-277.294438458336
51.43617793047184
-280.0378875243436
54.13302018196836
-284.93120822179003
61.17039098916686
-277.06551059709585
65.78772224258935
-278.6299596082256
61.694196866547856
-278.96799533832024
0.0
0.0
-121.36062360287026
392.8715980533675
-123.37889732126446
390.26244034258883
-124.24874785297636
390.7677291426502
-122.00147000957469
393.6344828177137
-119.40938025716268
395.7416309774896
-114.42423306758268
385.5702209214812
0.0
0.0
-117.22423361905362
395.69483127819194
-116.42133634624898
385.58790565392286
-116.6001923904724
389.7074128511158
0.0
0.0
-113.55964143776536
387.8696979722603
-101.41349970281371
395.88569181142583
-103.90449610625267
376.4384845484899
-108.66814199423501
383.6333738856249
0.0
0.0
-95.29250136626369
381.1177537428062
-99.21949007820821
378.7936636144921
-91.98464348246567
389.9893701520888
-89.15146543774148
380.3951232629021
0.0
0.0
-82.70964727448938
384.2108031304694
-80.25336521134895
381.2795379774273
0.0
0.0
-73.47382821960196
376.1870736333713
-68.10246880526873
374.598853042023
-65.2404683292111
373.78906105475704
-50.94788142704647
337.05070198920845
-62.6445948532474
392.37972126266413
-41.229432315342564
376.75019249547296
-50.32157111095243
377.2879806496599
-40.98062346385235
377.7725312943477
-29.774876687791348
370.787265900243
-32.14137935545752
369.40369317641745
-20.586273791076422
369.75776950259177
-23.285446477219196
370.35600045656605
0.0
0.0
-7.859462566768514
365.4253911386294
-5.899466524583403
367.9187250096958
5.71714923390266
363.1235891844104
8.520635678771526
365.3974755894209
13.08637883131064
360.6283086087687
0.0
0.0
31.643064162977545
364.04563174566135
32.65582721778393
357.26605122967453
38.504067955653746
350.5156704018688
43.03685749854521
355.61099388256673
65.6588623260746
351.94291233026354
62.174780540965116
353.74203468876755
63.36789199750643
352.5991854904461
78.88814793474921
349.74215164202616
0.0
0.0
79.56251184644665
343.6362218765596
101.84343998037659
346.56459297990807
0.0
0.0
106.01062843966781
341.6288976708035
109.52802372263297
339.09780880911734
120.44837156832152
341.86505786536776
128.7780819015191
338.39938732055396
0.0
0.0
144.24140761425718
340.06271724334476
153.84737648484082
337.54782023724965
153.18466526911095
336.46936458635656
0.0
0.0
-111.38940440727139
120.92225089096178
-104.04258157163956
116.39200820103986
-95.43287320194894
115.00977592705527
-83.95962297603897
115.99605726550351
-72.4453894124656
116.2105235616521
-58.49625922618306
104.18975182408755
-56.389152641103394
107.32017591483468
-43.69787480019659
110.70844479151688
-34.46228306241875
98.80255069992313
-26.32320738988078
101.16343275082546
-20.125315079980087
98.17194387729734
-6.873528859610548
96.01279684804595
13.10753334903961
102.40217390626448
18.22994036267606
81.36110930884767
21.032795912874555
87.07612074840515
41.7143420874975
84.19900170786934
48.71896054995586
81.68379766398449
51.237301330898674
77.81906163987496
64.92260068602039
87.64433264081453
73.95361919214542
76.7318537891764
83.58567329683449
79.75092725829101
92.11469217023316
78.13897579042904
0.0
0.0
109.46013533268453
77.2042264795634
116.78479824782178
66.90825584363672
126.59936363663488
64.29818077389591
0.0
0.0
151.92642734248486
25.01455102869002
143.84061822765372
79.56513588072787
168.44851924056837
63.15415431544233
162.28949149991655
63.01603766904958
174.16990100214332
62.85480100547023
187.6829215357766
55.3333417850239
187.57890811485188
53.69173477821837
200.77839234072587
53.659688837291114
199.14176488259716
53.76748937861374
206.12015796583205
52.0006595352709
215.97125254539264
48.26762982429269
218.10595588618605
50.569184437123404
229.98487808616372
45.95317238865452
232.3790874575802
48.24086906802509
236.20918910894517
43.56619198569336
0.0
0.0
252.41011630437967
47.48212006168544
0.0
0.0
255.42314900351658
34.62316071592643
257.8039177628366
40.34279417151473
277.5760118585617
37.103212931113035
271.16639607387555
39.59228793547125
268.66367360023514
38.88329814128506
0.0
0.0
272.03049916742
36.5291164400412
273.04636478949743
32.429082136175175
290.5063132680747
36.17607699697776
285.1853481640647
36.4503994852406
284.9011390560475
33.466360743820225
0.0
0.0
287.93937585649553
35.92885848019384
290.2914369634238
33.706746391840326
290.2268490976196
29.383252257386687
0.0
0.0
295.7859153621791
36.93940527149914
288.228311103423
37.383782980947615
-6.2434394505769575
248.80304112278245
-4.061929150407771
234.4094370500997
2.4464948768524053
230.02513688305868
10.03640620822975
228.88695706220238
20.457408088646442
230.07719145915505
0.0
0.0
43.62291517333438
218.6565469515643
44.371028214559765
222.07274796183313
55.65518294452391
225.72825653948567
63.43022155314725
214.07858504855713
0.0
0.0
74.53560903019311
214.0617807148892
85.93956495730248
212.32244233306278
104.07569274145416
219.08047244719435
0.0
0.0
108.02569495126045
204.5800558032206
126.61964164638252
202.12955099592108
131.43410768291662
200.07754360320843
0.0
0.0
143.26602003798217
206.86342023592712
149.9639389927834
196.4208074926924
157.17690368623565
199.9390307514856
163.23352881911984
198.83561363974803
0.0
0.0
175.51650822736693
198.92831182000498
0.0
0.0
187.3803879639749
187.10388165499793
191.83695844149463
186.0250818825912
207.26783694961796
148.93750472893066
196.4121361686856
204.05707614201145
218.25927816983892
188.20616663272378
0.0
0.0
0.0
0.0
229.00282383372397
182.13132948412462
0.0
0.0
236.19689657999265
181.69078798284295
0.0
0.0
235.80358313260763
181.2186711549723
242.826319485923
178.0756890730882
242.10622440263103
180.9769221345378
250.93006061278325
176.9972004894556
250.44364730039212
179.88972667398824
251.3843490795778
175.82269259795098
258.66754138190356
173.79160846547697
261.7831990942293
180.95456045101503
258.18891697104397
175.0489741114757
259.1621856241091
169.28826638322468
258.65234837349203
175.59836208265796
275.74455987658285
172.93850391207505
0.0
0.0
261.5251931073688
175.8690410994732
270.7879916218965
174.37768528467745
259.64867768638385
174.63069767162756
258.0620239937497
171.06875251072023
273.1047959140093
175.36257140547502
265.2472062873968
176.1466019926181
0.0
0.0
258.2490668684007
172.7611251681329
261.0829086847184
177.12694054995993
261.250572221973
175.37424889066378
259.0577563650421
171.5080437762019
260.085622089189
180.86162512180402
260.5847428645582
179.9356222742221
251.06594137756213
180.77709310936325
-382.44155538724294
-82.1025787845038
-395.98446984278064
-93.38748763347118
-404.9996452352782
-94.52459136155133
0.0
0.0
-416.5231604468153
-88.59773271692077
-420.5080175262616
-84.99325459069264
-421.57647988351744
-93.88734270817136
-434.0444207639295
-87.82430117929376
-435.6045156882272
-81.44256877311267
-440.263997915713
-90.30812737561101
0.0
0.0
-452.31989931216896
-85.27654954806063
-451.41120387342704
-85.1414567445616
0.0
0.0
-449.8225092724323
-94.84131415409166
-457.93222867434844
-87.05500794001617
-447.7121081192176
-87.78798523121038
0.0
0.0
-457.63718007921744
-89.81076977965496
-452.8155201089681
-78.06460795102957
-452.0798601351953
-87.17590274254549
0.0
0.0
-448.7072206081913
-82.73283510667085
0.0
0.0
-443.83626074907215
-80.9144782956786
-441.7737120877094
-90.2504413356941
-436.7082698294912
-91.66322903937338
-433.5467265513899
-92.5901218114393
-418.91111474036586
-129.29443963465656
-429.82352429883224
-74.09498856623999
-407.4583055724272
-89.80156408140105
0.0
0.0
0.0
0.0
-391.0592042545765
-96.55893830795159
-390.6733652034769
-98.71005337485389
-376.4829228946207
-98.86147095588157
-376.61018006189227
-98.55720796046947
-367.35889690405736
-100.74715741269044
-354.720032283189
-104.59801470166083
0.0
0.0
0.0
0.0
-325.822734944176
-107.25309698773583
-316.62297649625395
-112.94525541588249
0.0
0.0
-287.7682246489876
-111.690305529646
-281.40046546056715
-119.51793746216202
-269.8449107586381
-127.43941185810417
-259.0059477474923
-123.79252546028602
-230.45851258447294
-128.58341452968233
-227.30338156606388
-128.23074771895554
0.0
0.0
-197.53811892497725
-134.7833621199843
-195.13767672516448
-137.22790195115496
-182.52023258374936
-143.89286386358214
-153.0960705945477
-142.3536497485093
-145.79919174217534
-144.97306573111248
-133.15987983749704
-150.71649311309037
-121.6874211598299
-154.9087625209123
-102.94235155107827
-153.72073133618994
-86.43261961669441
-158.90925397719303
-71.87616611281106
-166.3042691027003
-53.0552397056413
-161.2277412879699
-35.98395262352228
-165.11729852730497
-27.777527048358856
-168.1018513536529
-10.627379196361755
-24.63390347768211
-2.22529505621569
-40.2758487644196
10.28535133949581
-45.89597081370832
24.006306033304973
-48.24804261769349
40.320816829031855
-48.260877773648
56.377561242626356
-49.09821323647871
74.77585500354807
-62.06058167885223
81.19083118716588
-59.78880478222974
97.92741710214149
-57.26961503584001
110.9506267250523
-70.0490420621438
122.69634793451505
-68.49614709199199
132.3019769236354
-72.23945777816368
148.89118386080648
-74.97156136028164
171.8637252773406
-69.22015285489132
0.0
0.0
185.1654820498405
-85.61064929284385
208.16977763381294
-88.96466847059077
217.30722310284756
-91.86366855963311
221.49166037907926
-96.2859413921522
236.7492240976573
-86.82660061301767
0.0
0.0
257.86912391101043
-95.26088739953866
0.0
0.0
275.6445483746786
-101.35022053229696
285.5638649568292
-98.25945047744702
0.0
0.0
302.68919677622307
-111.19976456280821
309.5547023274971
-112.73930847480005
0.0
0.0
318.04382067162703
-95.6070213171893
341.4701027325032
-111.8663449050425
333.91955627648264
-111.76727053413214
344.1431502766083
-111.67235064482287
0.0
0.0
353.735626789641
-119.9317509219746
364.6007401030639
-119.51139030197035
0.0
0.0
364.45431385289885
-120.23183797908938
371.16095058673875
-123.47353760362702
370.0015893791008
-120.58239521040032
0.0
0.0
377.2803355875276
-121.34122443273588
0.0
0.0
0.0
0.0
385.0562271958686
-119.56533517616216
379.7531647625483
-125.17689040407518
378.8673866255825
-130.5712065524537
376.50815208874167
-123.76182299776053
391.18704946299266
-126.0241466697349
379.6045120863444
-122.40923458648614
0.0
0.0
378.03201519471094
-122.99674148717502
0.0
0.0
358.96072609214605
-124.98968394240786
0.0
0.0
358.995472061602
-118.43714506488894
0.0
0.0
0.0
0.0
342.67045520212264
-114.98848486565197
338.5037244402013
-115.83683267574794
331.79669029231064
-118.75805112659438
328.78201381961213
-108.27685852548524
0.0
0.0
309.442794679892
-106.43449490527343
-89.7245394719476
-349.3856517478011
-79.61673404424087
-365.37699017999597
-65.56563744794632
-371.3067160408604
0.0
0.0
0.0
0.0
-14.663579012992813
-375.48374675251756
0.0
0.0
13.455818312580817
-386.8473937739638
31.78104922828075
-384.6519886089484
46.291969536408416
-397.7361623941598
59.58099152465907
-396.50052311885685
70.75677611656761
-400.5673128244446
0.0
0.0
0.0
0.0
0.0
0.0
130.39632940615817
-415.32120496098037
0.0
0.0
0.0
0.0
171.23254537056715
-426.9333471556224
187.9747540193115
-417.7829855242852
0.0
0.0
212.0749552125929
-426.833975430701
222.9549974364768
-428.9316331817257
232.6721361215201
-433.512509705253
0.0
0.0
252.97031107586443
-441.29109365059225
263.81638507619584
-444.21349442881035
272.07164778468984
-446.0335172759127
290.68291515621263
-483.85933551031326
282.9251827610161
-429.40579886995056
0.0
0.0
300.945414058708
-446.03426801844245
312.1456714426114
-446.1578245985965
324.8020401529873
-453.5497878361359
324.0416415009852
-454.87430373746236
335.84262627120336
-454.6543712042036
332.1308676399486
-454.33958865910614
337.1839280036959
-455.7272554949013
344.44401040038304
-459.121732678173
343.89270288373524
-456.38160474029917
353.4678778429005
-460.32890644752786
352.7855228881444
-457.453706370794
353.28211543088156
-461.4761654799897
360.1670919245808
-463.35250907550085
362.23678986326564
-456.03766693001967
357.28480599391946
-461.739540542093
356.76667099169714
-467.2174225634509
354.9688156903427
-460.4958943837702
369.74012960257596
-462.8073959157073
358.4914950668373
-459.2490496747911
350.21261902854303
-458.9807089232196
356.8668350226084
-459.878512644903
342.4809933938877
-459.0288991416217
337.8240835311484
-461.8843199579742
348.86399357535754
-456.9094846703633
337.6251923763253
-455.2934878162136
331.0336531305866
-456.9334755820332
322.39304138941304
-456.95389446211766
320.3891405996318
-451.686900501398
315.84926232605244
-452.46128285920264
308.7145033476804
-455.29632618012687
305.94650403343064
-444.76730092205275
0.0
0.0
284.85445357783595
-442.65065680772176
0.0
0.0
0.0
0.0
-410.40603364559
-48.78913323708075
-417.06189486643746
-47.19997540408308
-420.60850307503716
-43.13505165536107
-423.86496300112685
-39.66816101890774
-424.21724579402303
-48.70554259023872
-435.96992667928777
-42.78955381166409
-436.7851773471381
-36.556916341702774
-440.674147638568
-45.57429006733372
-445.1907150049009
-40.4755712016313
-451.1771514383988
-40.855078287943186
-449.5184667488529
-40.878147399359634
-440.74527357800554
-32.138435294973874
-446.33922972622236
-50.9017277137804
-453.6670129728317
-43.27746418267465
-442.64269170245785
-44.174946953201214
-444.7259153642358
-44.95121946521459
-450.9130742326824
-46.5345796217246
-445.26823597446486
-34.95725693141951
-443.70849694425436
-44.237935288119346
-440.94520214960755
-39.81690367349749
-438.70442776344265
-40.13068253614682
0.0
0.0
-432.19205309460955
-38.65123403729561
-429.33102865163
-48.1509532633774
-423.44417053682787
-49.73482548634655
-419.49245387890716
-50.82369706449683
-404.0484716851082
-87.69710353046639
-414.1709738133764
-32.66168129361296
-391.0108524959983
-48.53606642603137
-397.96891100159013
-48.37663452021556
0.0
0.0
-372.30564755447756
-55.780137322799575
-371.21613634676044
-58.06945336408597
-356.29811365106315
-58.373554702278
-355.6801864802142
-58.235638294076
-345.7325046245271
-60.57198238642958
-332.38204062053705
-64.58325753054856
0.0
0.0
-309.3130514714501
-68.93402904371362
0.0
0.0
-291.7434946127126
-73.46578903375755
-274.83696112030964
-77.6599899764712
-261.73105330637713
-72.45322090893383
-254.80285610950668
-80.40471602352739
-242.71683971703763
-88.44005330401515
-231.39847574324088
-84.88197468686404
-202.34927176537437
-89.79007042513797
-198.74515064856146
-89.52613987189895
-191.01891744666858
-91.83722815576091
-168.09841471936576
-96.28641203920132
-165.29813274732717
-98.82413274200309
0.0
0.0
-122.54342641430001
-104.11210007494172
0.0
0.0
-102.04593974551014
-112.5792038617661
-90.31310050977574
-116.82998088969549
-71.31793588845676
-115.70968926956552
-54.60651185183579
-120.94349242659234
-39.87545668433418
-128.37781124747409
-20.990231193246956
-123.26496115281702
-3.716124460430226
-127.25331252710106
0.0
0.0
-263.9027806908315
26.546808134549476
-273.71540076791206
14.530465983905074
-279.0584743003794
12.618479876901922
-282.88247603079606
13.687017944907353
-283.7053917452341
17.185721994679156
-284.34292982582707
20.0190455705744
-282.2611571817974
10.458320162051272
-291.7511224339763
15.928073428933516
-290.43676422123417
21.692479031399294
-292.3359903212069
12.192636378497127
-295.0332055593465
16.866308988494232
-299.3679426999482
16.108362420716347
-296.2709995069739
15.873264773706957
-286.18417848832246
24.325142341445677
-290.62856554011495
5.299012991434431
-297.00703761244876
12.782925741194447
-285.1817180992407
11.720351715283641
-286.6495439946559
10.855963230966815
-292.3197789236021
9.01178220745767
-286.37735866259965
20.497483270923837
-284.6931950539282
11.162662434789773
0.0
0.0
-279.9801504614241
15.332232017898889
-278.29794237770477
12.599678490467582
-274.42658324079196
16.956943451232064
-272.3249004827634
7.648395340885209
-267.3311434006168
6.188809066877546
-264.47588987180086
5.355374167844452
-250.26288284588028
-31.319040534056413
-261.7973061528021
23.991197582386558
0.0
0.0
-248.8842990547593
8.861659171642401
-239.0672103575037
9.299036761652587
-227.15373887038626
2.1907953607222836
-228.3264264037544
0.469666564692659
-215.77077155582495
0.6350427029672474
-217.6185847672853
1.166760635643378
-210.33299799491323
-0.6261919464698238
-199.74163856569277
-4.165352777037512
-196.38470738257564
-1.9042674539487052
-182.72719575491683
-7.217254679072759
-178.16089117046664
-5.285074501751403
-171.68077442037918
-10.433113098096712
-158.28377078345486
-13.860336974353022
-148.75316895983474
-7.9337424207685
-145.5119436678021
-15.145652634607114
-137.2381983154827
-22.392542033109365
0.0
0.0
-104.80821591411637
-22.074266371786674
-105.37027829914418
-20.913399165852436
-101.75471158879829
-22.456010604766842
-83.15276277693893
-25.97978254095524
0.0
0.0
-76.22676896713327
-33.39388243163819
-50.937799040445036
-31.043364076491393
-47.99633635971415
-32.69840118392077
-39.722848740728395
-37.51407976827404
-32.71581215584759
-40.77292337377956
-18.434119955927407
-38.67938987260286
-6.494394620741175
-42.90475946192538
0.0
0.0
17.25097904170276
-43.0898743471328
29.814612276903176
-46.12661942907042
0.0
0.0
-86.95446684890183
-8.058722366318815
-83.59818157792783
-22.698044480291408
-76.02423528985452
-27.290873083188103
-67.1484388694343
-28.701412817309198
-55.557094391390066
-27.745640201551225
0.0
0.0
-30.173219365361142
-39.59443187522844
-28.117492770666118
-36.44701223747116
-15.597985073285585
-33.03843298539705
-6.645179494769025
-44.91871783696827
1.169971610035148
-42.51330854188582
6.991365600154824
-45.443736725563554
0.0
0.0
39.42022971010576
-41.02315159924952
43.98280114800335
-61.96004866793145
46.24213438596754
-56.113246285695425
0.0
0.0
72.57939398916824
-61.21634708433634
74.16139442089772
-64.94475682644338
86.97047094971491
-54.95009382032503
95.06718030873068
-65.6801826267004
0.0
0.0
111.2414720968666
-63.863284676167694
117.91664206184747
-67.75670027602271
126.32139438728763
-64.34809503529956
132.4907514973632
-74.39517719937032
141.0057907216748
-76.75554617996563
0.0
0.0
163.67379424622644
-115.49780911823817
154.18223196473213
-60.66153612026655
177.29334690564542
-76.7798521128499
169.62107216948192
-76.61339019441678
179.92882017202953
-76.46314047997808
191.8446908355674
-83.65921871680132
190.24384111027186
-84.96591286473267
201.78435230717855
-84.65874242420315
198.34668583489474
-84.20342521496187
203.60808938632493
-85.61481683481054
0.0
0.0
211.9140857345349
-86.31022959703293
222.10516690670627
-90.555112109484
222.66148133400347
-87.8876624186112
224.62859463629482
-92.17568196041802
233.04544052264646
-94.43513639422328
237.095576965632
-87.47681641570654
234.3824389770055
-93.57840765187112
0.0
0.0
0.0
0.0
254.59100200794194
-96.2503079128146
246.2836091941569
-93.36168258866411
241.69545356894858
-93.63428405613584
251.74086519628827
-95.28350164498303
241.1777571919969
-95.1676926284621
240.30498806738152
-98.86991804759947
255.73465101128951
-94.68884496730016
248.57710256959245
-94.03042692406304
246.41274726332688
-96.61802579965705
242.51384040628997
-97.61654153590129
245.5824094275012
-93.32668678093083
246.07633186594822
-95.15302073818953
244.16550600699662
-99.08306601153927
246.01358775830133
-89.81405042746191
0.0
0.0
236.81168549327072
-89.94717470831124
4.0442002925981635
-27.68076964725373
13.011497013127556
-43.43336670789123
0.0
0.0
0.0
0.0
57.13690595643607
-51.737923839578805
73.67697625051248
-52.68777356989361
92.53951964112736
-65.74862274531827
99.39828219757628
-63.56515480461811
116.55504916491573
-61.1365290334447
129.97447756910904
-74.00790362677604
142.0938532323533
-72.53917101424335
152.0498287498007
-76.36015415392956
0.0
0.0
0.0
0.0
200.39831808585572
-95.16448366480208
206.07750666643156
-89.95639497081831
229.3092261036735
-93.3571269573741
238.64950213745848
-96.2918937932767
243.00490169009123
-100.77274937636784
258.41094741598994
-91.34858189447144
268.89574719643315
-102.60487962834154
279.74952013697197
-99.83170580087867
0.0
0.0
297.63620216829275
-105.95151302206156
307.57156008291594
-102.86482000212294
0.0
0.0
324.64800438881696
-115.79906005362713
331.45022305997975
-117.32090203265369
348.81182618281923
-154.8853022708468
339.728636370579
-100.15660641849735
363.0089975863068
-116.3957131574088
355.2871824294668
-116.26663828132517
365.31372346238504
-116.14022235455934
376.72738908794963
-123.27051936887324
374.43800820444653
-124.29051050899545
0.0
0.0
0.0
0.0
0.0
0.0
390.6157310287542
-127.61528374488361
389.08613135481676
-124.65725069425292
397.2556269479251
-128.33014713621677
395.55810119263816
-125.23600622171293
395.0514693227627
-129.04264674512316
400.7914591917104
-130.68778795861385
401.95154517600974
-123.17395752818274
396.1454309369173
-128.68602314058333
394.7374226198211
-133.97286153768982
391.83907833537074
-127.04039067260987
405.95901485592117
-129.1949867700146
393.79664258192577
-125.45419026791251
0.0
0.0
391.0173501704468
-125.80294510233705
0.0
0.0
370.67590536873536
-127.52966028546905
0.0
0.0
369.379855367628
-120.69863912340625
362.2492383923352
-122.22770673177946
0.0
0.0
350.9701782513512
-116.81562392884825
346.09111931348303
-117.51377267830787
338.65899217414534
-120.2818439468881
334.91383193136704
-109.63227405929194
329.20520836255105
-109.55467368081267
0.0
0.0
-207.57436657330075
233.64989907850247
-218.159295019051
221.79392331625155
-224.1765878962919
220.01498895523957
0.0
0.0
-230.4049060653131
224.90716816050184
-231.65133482308806
227.85554119937729
-230.31332635783892
218.44421037751422
-240.62619655743626
224.08268688234494
-240.06809665956993
229.99913296353907
-242.66908769314932
220.63846311067516
-246.11346074669262
225.46260959495984
-251.22273368900557
224.86189939935812
-249.08864463732866
224.82699825319875
-239.81942807741282
233.4457265172773
-245.07352453577104
214.58490777996246
-252.38283695210094
222.26027493641516
-241.4104877253844
221.37220917424045
-243.78811799256047
220.6939606880695
0.0
0.0
0.0
0.0
-244.08888108138433
221.465548764186
-242.23999188679056
226.07826908143497
-241.0734938717663
225.9845137487659
-240.163105051955
223.41253586270153
-237.11820461707165
227.9404014961624
-235.89300047343332
218.81090546447973
-231.63011898886427
217.505096040113
-229.6265874219688
216.8456645716693
-216.13053305020378
180.32275030675436
-228.42686439206946
235.79162934151708
-207.50589045424488
220.3235052417
0.0
0.0
-207.7419797487446
221.53631754945656
-196.52259914458796
214.5750602636696
-198.57074673793915
213.0253625091661
-186.6819310772102
213.33134058524985
-189.0131834316763
213.9780099883326
-182.3719586137206
212.32090339768084
-172.24231875403598
208.89267658521976
-169.39340064718567
211.2696180072022
-156.5149253903838
206.10532359526096
-152.47572615970986
208.1524434674386
-146.51233375765892
203.11663750740124
-133.72052292536208
199.81015126228613
-124.6427899678899
205.83745756312578
-121.81719138208604
198.72002321007696
-113.98056871082566
191.56775832418126
-107.20194252562547
196.11964838794157
-82.40386291965117
192.0651596370896
-83.4142349364236
193.3139107457745
-79.88795216388104
191.8192789288437
-61.6613322344326
188.37012773386576
0.0
0.0
-55.28980472686544
181.07631072926574
-30.083716565703618
183.46349470577104
-27.483255860549853
181.86675113958822
-19.416842701008157
177.09293442232044
-12.540946676269115
173.8655787151402
1.7430245040917
175.97457155144886
13.60229624220159
171.76895111210155
23.446464653551995
165.3712746772332
36.80349020663812
171.64814972432924
49.849856587179985
168.56863252612683
53.14601793461659
166.63034501065758
-302.68529413374483
231.17052459886273
-313.1200512108693
219.25943207454657
-318.8780442784819
217.45511648920484
-323.1726623140139
218.58256336290376
-324.2552413092797
222.14327240066444
-324.91478155224326
225.0472316935763
-322.8798837360954
215.51364528745512
-332.38733507436154
220.97762449436254
-330.91838583112343
226.7315820490261
-332.5041855691324
217.21383336081925
-334.8287032825272
221.84249412660623
-338.7150571610777
221.01581491465424
-335.2532249374327
220.6582631750337
-324.5593703296184
228.99657727685693
-328.2911582169489
209.83964577705362
-333.9792523728381
217.1525875256426
-321.2933129389685
215.91457781589213
-321.8636974725285
214.84674266550942
-326.27906884203253
212.82596916160747
-319.1661485632326
224.0866347424627
-316.2270143556333
214.50792011695665
-312.2273819270542
218.67625987724648
0.0
0.0
-305.61474238621275
215.0979860348907
0.0
0.0
-296.506681299438
209.48691845067478
-289.7253350947154
207.68554260836913
-285.1318714200101
206.480733994045
-268.98971529297353
169.43176595319383
-278.5781879456487
224.34698284371396
-254.8975294736211
208.32829082139
-261.48250349504303
208.38996985609649
-249.4734451856513
208.3946416792034
-235.33100396588304
200.83296877498012
-234.41521393952664
198.64205224495007
-219.53669460879132
198.33296712831566
-218.8558581350921
198.3796599987885
-209.1589779422619
196.08782695496902
-195.9594145200898
192.03678706177797
-190.02798948461546
193.77721019257825
-173.9924310580314
187.93894414017655
-166.8302752209146
189.33547348121195
-157.71560475514184
183.6412284817047
-141.73839428418657
179.66585663433787
-129.49849740463446
185.03144399152478
0.0
0.0
-112.51312285671375
169.43344973386428
-102.56275011437455
173.32471237892022
-74.64739037635063
168.60957754438607
-72.50348565568778
169.19999479530563
-65.91038838493549
167.03774418038506
-44.58842831341123
162.93944989307337
-43.310942458010196
160.69557442070086
-32.12177653792817
154.3560765164904
-3.9214350570828564
156.0862775682736
1.6575384322538085
153.87810056324045
12.633890367400376
148.49229832332242
22.39777200420763
144.64875759404674
39.492762213054746
146.13576391339134
54.11313188820907
141.33972403164077
0.0
0.0
0.0
0.0
98.34307072193337
136.42755570673407
0.0
0.0
108.09475042027967
337.31591132024164
0.0
0.0
128.45028524531108
316.1657445877635
141.64673487871966
313.93999870206466
157.5886214930896
313.9976682395763
173.4716590166655
313.16056218909233
191.43142827825693
300.278334745696
197.2393921932088
302.67862160579784
213.4533852291907
305.2936276169985
226.01613065688167
292.58513399295447
237.18875169777772
294.2399066806098
246.1391682764707
290.61967073672696
261.7106080572864
288.1190352526267
0.0
0.0
0.0
0.0
0.0
0.0
317.31565804554936
274.8791879860727
325.34037218128617
272.21651590751196
0.0
0.0
343.0873104108431
277.56005364243583
352.387744178371
266.5458644766087
0.0
0.0
370.1718312594164
268.034497374997
377.42785349907456
263.95986144626426
386.0941851857615
267.30811900189894
0.0
0.0
400.66649810356427
254.8903287225728
406.10898785171696
253.64874168248895
422.33143963425186
216.32040048280683
412.0142825563836
271.3045454122618
434.1859312213332
255.29715474769142
425.2892501259459
255.6713669279024
434.222129540668
256.0281848991085
0.0
0.0
440.65241673631095
248.4317977988083
450.079162370296
249.14890302006074
0.0
0.0
447.29052595190444
248.9703852243968
452.7929459731515
245.97600220435137
450.31188987625717
249.1424698756921
457.0377716101831
245.75772348006566
454.32313601153123
249.0694337056345
452.8011679467383
245.47967486999707
457.3541143061963
244.07671165886308
457.57917350419365
251.7928164654312
450.887810941822
246.47463176605066
448.5414849291669
241.38809276961985
0.0
0.0
457.8789947676502
246.5616411853411
444.71278999170806
250.50566764834318
435.6945584358317
251.0096414778544
440.6443278308547
250.4588221794611
425.05854097241684
251.58899069709003
0.0
0.0
429.05958187955065
254.24784389860523
416.17483269561114
256.17221123086017
408.3717422868972
254.78270146558617
398.75442478173295
254.979726884035
396.20809847164566
260.40865554241736
390.84388927184796
259.8171071737595
382.9607769108971
257.14809126846137
377.98637639450726
267.9823785653984
372.7495582450251
268.044762286233
357.1584472180434
270.20188081696347
-233.00810658596026
312.54919969061075
-243.82851977612881
300.73018234204204
-249.98914235533678
298.99240710128936
-254.80774142155326
300.24949665100576
-256.42904889905793
303.91352456209023
-257.6307344558903
306.8866538195441
-256.2454816354651
297.4746793148403
-266.48775970076383
303.094012324696
-265.78082823713964
308.99083413655967
-268.1599766354995
299.60826141364424
-271.3479789450423
304.3957738777071
-276.1601637740211
303.7458783563393
0.0
0.0
-264.0995652459721
312.17641382371016
-268.9210424076165
293.2345981939228
-275.79532199780675
300.80603118476245
-264.3117354493222
299.81369009678
0.0
0.0
-271.7745061834033
297.20225730483605
0.0
0.0
-264.40605996978707
299.4217702715513
-261.82820445019297
303.8835760314151
-259.888661899469
303.6309725292828
-258.14016017523517
300.89742709600637
-254.23992094718972
305.2500540434657
-252.14166916087325
295.93288844311826
-246.9180626696356
294.4420615633745
-243.96479830990353
293.580486375435
-229.43862704381107
256.856405838948
0.0
0.0
-218.66931698768556
296.4292466916907
0.0
0.0
-216.6330023875539
297.1877706122272
-204.23547042473228
289.9862939594676
-205.15501823409951
288.1852147684386
-192.04367198172116
288.24106245702245
-193.0699006167026
288.63533151712465
-185.16396181502154
286.716321698071
-173.69142982477527
283.0226299591795
-169.51091121436147
285.1290253831269
-155.36839465254798
279.68779485542916
0.0
0.0
-142.65725684581557
276.13779601042165
-128.51887979809084
272.5459949085878
-118.04674627340512
278.2839028520338
-113.81249315606685
270.8736851718194
-104.57463662074407
263.4279507485137
-96.44145352440128
267.6926335019022
-70.20366509288036
263.3382427227836
-69.81986530443349
264.2937221920763
-64.80345490101655
262.48617701142877
-45.18292043634167
258.74304918983916
-45.52487886148365
256.8499178363969
0.0
0.0
0.0
0.0
-5.37860742937071
251.0502756834711
4.056626975161791
245.98790342181343
12.320242294861025
242.4658745353295
0.0
0.0
41.20995637390167
239.77897855172742
52.389672768632906
233.09659382892087
66.91866107354637
239.15767960454681
81.4147753903714
235.73338046406687
85.96482613579701
233.53405790095727
0.0
0.0
1.4733504265675066
251.41801210939127
0.0
0.0
27.079778677161094
243.56368823799772
43.236533658348044
243.5892514870184
59.40291040611798
242.77497634623415
77.80427504330802
229.82403414033436
84.1929751662375
232.09476813317997
101.07705579606194
234.59832295807166
114.40278067906914
221.78869417534693
126.4645052824595
223.29832643564558
136.42326319619187
219.49850123981477
153.17637359946514
216.7001543447396
176.58772211927464
222.36906467172867
184.98463104708352
200.63035823958356
0.0
0.0
214.42636428149007
202.30134248038314
224.14235522210404
199.2703884727323
229.34877335913876
194.6938536456231
245.4421816622724
203.9920408811988
256.69652591585384
192.59159367745448
268.3409161503984
195.2002850671191
278.6977590017137
193.21086970660963
288.17215752281095
188.70339903659303
299.1646318353024
191.57446132105224
307.7120715600175
181.06613902453742
0.0
0.0
326.65580150410005
176.3716089333201
345.492272787238
138.52775091785676
337.88054335154607
192.95995333572074
362.79972369581617
176.40899907659474
356.7300068623836
176.21036052429565
368.52141752620355
175.99508187226763
381.7181644829543
168.50527783297792
380.9928369307062
167.11960673922232
393.4748840400508
167.2096067583817
391.0118279919668
167.33126664166429
396.8717583784253
165.78195134141592
405.49683223951007
162.16200648468106
406.1833592399692
164.6791850488135
416.2534099191604
160.5737196426627
416.78774636703713
163.21074656163313
418.5572114577831
158.93504794966458
0.0
0.0
430.02393360593277
163.84592771764346
426.65510501384676
157.8332798309699
427.6567229046182
152.04405549501956
426.98717435279667
158.4930739311563
443.7004882069086
155.80861572562708
433.93080120501105
159.04134549593516
428.12490484032907
158.85644352598044
436.423118295723
157.60166866400775
424.11183572436954
158.03351089515579
0.0
0.0
434.6352031572412
159.3007255835492
425.03801825553506
160.54482993970214
420.42670855664164
158.48335135719023
413.97336554962703
158.00671048966728
414.48633489934184
162.76440092309775
412.17151036081276
161.52181253071154
407.30507768101586
158.2085359602674
405.51056912165575
168.4687594053741
402.9596799980339
167.84793637663572
390.25429814677466
169.40769300137828
-301.3053685173499
-254.48896800486244
0.0
0.0
-312.1879025464594
-269.2858246403977
-313.7858888452348
-268.6576170459721
0.0
0.0
-311.40212638471536
-263.132631400522
0.0
0.0
-314.87820259428867
-268.0277099507036
-311.716050630379
-262.64911354630686
-311.89753565168655
-272.5209992582753
-312.87161807182883
-268.2153061125449
-315.5032175132204
-269.3344134958191
-310.5037142263793
-269.9339844650428
0.0
0.0
-301.6413607567935
-281.18258913442685
-306.33923941453077
-274.0247162915158
0.0
0.0
0.0
0.0
-297.51644491144395
-278.68526859343353
-290.3018335734912
-267.47234534905624
-287.40640192923513
-277.06721208845346
0.0
0.0
-280.3546884928151
-273.3780994701635
-277.7015361514291
-276.3298979906417
-272.8461209402504
-272.17757016948235
0.0
0.0
-264.02952815904416
-283.3116431191386
-260.3395684371073
-284.304373591765
-245.5370389384191
-321.12521751525645
-256.4804779503936
-265.94488260487213
-234.45706069983356
-281.6749287313521
-242.7451240817839
-281.28997880145903
-232.65794626019002
-280.9369167949859
-220.48367957007096
-288.1127723907394
-221.20116687477633
-289.8783389527814
-208.5311911941789
-289.7472998081543
-210.56974305934628
-289.23917598215996
-203.30894306091756
-291.03327912479153
-193.0439993273888
-294.56234786258244
-189.99652637547086
-292.27238759133917
-176.34006110031086
-297.53099873877227
-172.1560894523331
-295.53536394298663
-166.12549597551055
-300.60291656811495
0.0
0.0
0.0
0.0
-141.68777556017326
-304.97396027059295
0.0
0.0
-127.39201673783101
-307.46610051713134
-103.32728731594186
-311.4183082849759
-104.7317513834559
-310.06365214325314
-102.46365146299753
-311.39921504220655
-84.86399464091363
-314.6998490532759
-87.66655798607277
-316.1060653663059
-80.30031727456941
-321.6234564883025
-56.5045012768015
-319.0010634539835
0.0
0.0
-47.81492886597721
-324.9031418146762
0.0
0.0
-29.718471786459084
-325.43278171260584
-19.3688844814534
-329.3260483235714
-11.121269901454149
-335.3917934391925
1.642556311851763
-328.84248015056454
11.815597883147277
-331.4749361551313
13.463086725469935
-333.0435859715255
-291.1937467342306
77.7411663870937
-304.55926049465234
66.43560444165635
-313.37825938057296
65.241610333866
-320.66442337432295
66.99161197635043
-324.8628911258637
71.18034434069929
-328.77708777922516
74.72279214304507
-329.93860450228146
65.83503079301234
-342.62091631068074
71.9484381214278
-344.4052795067998
78.36086344222096
-349.30876400178255
69.51236777126508
-354.9395715541413
74.81357041986097
0.0
0.0
-361.85094049269514
74.95990086848589
-354.44966960997016
83.9720694153516
-361.48190667430276
65.4917197337031
-370.38497941374135
73.4610817822407
-360.9609431645798
72.89053519074503
-364.7431867939009
72.47631738549032
-372.5405345966376
71.16478017427332
-368.66859627134033
83.0955027400744
0.0
0.0
-368.10109893207346
78.99998751799406
-367.83318554918895
79.09192465821516
-367.75475697898844
76.7225999014325
0.0
0.0
-364.6818052337748
72.34765523739297
-360.9203009481079
71.18600858062538
-359.2122136161851
70.56735804431203
0.0
0.0
-358.3878760452488
89.6411529896658
-337.507529736655
74.22557447651191
-346.8019822242014
74.86273215964984
-337.4456916181771
75.44326388481628
-325.88109821502456
68.43003443159192
-327.33176956160673
66.68266771666562
-314.8626038685428
66.88376691463404
-316.6134563395423
67.50101076476888
-309.1550777307627
65.68257304313785
-298.208563473019
62.165994771884016
-294.3895044253238
64.39006599624989
-280.2230371641644
58.88050534923202
-274.95439208325973
60.693148497323534
-267.6425262804277
55.3935104426062
-253.31409896618817
51.7380473380348
-242.69083773971238
57.46679304122856
-238.22748037400171
50.03569237314288
-228.6216698631418
42.522878776215045
-219.86553284655434
46.60945756090477
-193.1873421503226
42.20923722556301
-192.07305720977143
42.99048586197942
-186.5840905474167
41.178465310141675
-166.07824802435846
37.23399089647353
-165.5816907461203
35.19381369936018
-154.976780002936
28.951779347350094
-127.382385871519
30.88574134799082
-122.12526547584832
28.6911863508333
-111.41692269740085
23.354633368171882
0.0
0.0
0.0
0.0
-70.2022907389531
16.34475958624814
-57.472459389353446
9.339415944881749
-40.83374884767737
14.827257700712208
-25.14230768917053
11.288765351426111
-18.743735986901104
8.680086867161274
0.0
0.0
-141.4884388946013
-147.24417259754597
-136.42305723695577
-151.31803467605056
-129.9232978630177
-152.26284603940545
0.0
0.0
-111.70674684258421
-150.10887877961977
-100.1046833905518
-161.65443889286604
-100.27242060343875
-158.0591675845808
-89.965770116888
-154.18708764149167
-83.20434842162763
-165.5912474954639
-77.49788935930944
-162.73382437371356
-73.71004480551824
-165.23146269913352
-62.63927535360499
-166.94402854081176
-45.02655858535565
-160.0693844773532
-42.282250001287274
-180.62214200106027
0.0
0.0
-23.332145989324477
-176.85901071534946
-18.55638073730188
-178.9217830823613
0.0
0.0
-7.220431425783939
-171.94272875269806
-0.4775780204289788
-182.38055778583654
6.947384069355763
-178.90770881673717
13.288467011058167
-180.06912491875167
18.85024530295903
-183.70911657578486
26.26303861403818
-180.09344202111924
31.560837508876304
-189.97913272568013
39.21932648825045
-192.1309036422708
44.4552097867025
-193.38458671715495
60.52283230406574
-230.5770656383294
50.484512083657485
-175.61826239718695
0.0
0.0
65.05916369086862
-191.33586973622798
75.06803785801439
-191.08922996791597
86.80339812036738
-198.23154962263254
85.22624621840676
-199.60372963171196
0.0
0.0
0.0
0.0
98.83824094443307
-200.20784717187354
107.05507818702628
-203.5516460437858
107.7103161721471
-200.90944642430486
118.50066762728743
-205.34425094720996
119.62289328015751
-202.77562204484215
122.25558644938329
-207.18691852353473
131.49204959482054
-209.64166645354524
136.3805567802375
-202.83688071343207
134.58797157679376
-209.10516498739787
137.49601082135737
-215.26675251887104
139.2549448364967
-209.45700614856048
158.18134084869183
-212.47881553909963
151.21727097513002
-209.89175612654205
147.86254609675137
-210.33594095585022
159.39824576817546
-212.31296677803454
0.0
0.0
151.11625499490248
-216.5557929483755
168.16080784253367
-212.66658252972834
162.84124326012082
-212.43164278908824
162.5190979851027
-215.41294360045168
160.52285166268888
-216.8047908318374
165.4933596246109
-212.88240105245558
168.0051813027048
-215.13103614234666
168.18491589349378
-219.49982302956226
172.4449407308324
-210.8424924702512
174.46191187108155
-212.07972671204493
0.0
0.0
