1
0
1.0472
1.48063
22.0422
4.60007
1
0
0.994838
1.48064
-42.3276
-2.14845
1
0
0.942478
1.48015
15.9753
2.21199
1
0
0.890118
1.48014
-4.44759
-3.38027
1
0
0.837758
1.48117
27.3745
1.18868
1
0
0.785398
1.48085
-8.98983
-3.57116
1
0
0.733038
1.48115
36.6126
4.76949
1
0
0.680678
1.48147
-18.8151
-22.4989
1
0
0.628319
1.48063
44.5519
19.6622
1
0
0.575959
1.48196
-4.57645
-3.43792
1
0
0.523599
1.48135
34.2976
0.680771
1
0
0.471239
1.48196
-22.1221
-20.5777
1
0
0.418879
1.48163
42.5972
16.7019
1
0
0.366519
1.48154
-11.0602
3.13767
1
0
0.314159
1.48161
28.0984
5.08151
1
0
0.261799
1.48197
-16.4462
-7.23849
1
0
0.20944
1.48226
19.2183
8.48533
1
0
0.15708
1.48234
-6.38484
1.83864
1
0
0.10472
1.48183
-8.25669
-1.94609
1
0
0.0523599
1.48264
-28.1804
1.65515
1
0
0
1.48324
0
0
1
0
-0.0523599
1.48324
35.2045
-0.130788
1
0
-0.10472
1.48359
-0.911315
-2.00909
1
0
-0.15708
1.48305
27.7225
-1.60095
1
0
-0.20944
1.48353
-16.3787
7.26249
1
0
-0.261799
1.48316
8.29446
-16.131
1
0
-0.314159
1.48418
-27.2257
13.49
1
0
-0.383798
1.48457
25.4275
-16.2958
1
0
-0.418879
1.48426
-26.7379
19.5325
1
0
-0.471239
1.48392
-0.512129
-4.72043
1
0
-0.523599
1.48413
-10.7782
3.88702
1
0
-0.575959
1.48426
-13.7274
-9.76127
1
0
-0.628319
1.4855
-133.245
10.3177
1
0
-0.680678
1.48509
127.068
-3.9504
1
0
-0.733038
1.48518
-110.383
-0.797946
1
0
-0.785398
1.48623
115.015
-2.89237
1
0
-0.837758
1.48671
-18.8056
8.01574
1
0
-0.890118
1.48755
50.1312
-10.6592
1
0
-0.942478
1.48716
-9.66287
6.15801
1
0
-0.994838
1.48757
78.1465
-8.94519
1
0
-1.0472
1.48751
-63.1052
-5.2072

