-2706.75
-290
-2710.75
-271
-2711.75
-370.5
-2718.5
-387
-2717.75
-458.5
-2722.75
-456.5
-2719.5
-536
-2743.5
-508.75
-2709
-603.25
-2729.25
-577.75
-2729
-639.75
-2748.5
-599.75
-2716.25
-684
-2724.75
-643.75
-2726.25
-693.5
-2735.75
-656
-2723.75
-698.5
-2726.25
-675
-2729
-673.75
-2722.5
-650.5
-2727
-672.75
-2729.5
-696.5
-2727
-650.25
-2729.75
-664.25
-2714.5
-606
-2739
-610.5
-2706
-558.25
-2739.75
-585
-2697.75
-512.5
-2722.5
-511.75
-2713
-474.75
-2724
-441.25
-2691
-294.75
-2725
-525.75
-2698
-250.25
-2718.25
-447.25
-2694
-270.75
-2716
-305.25
-2693.75
-204.25
-2716
-259
-2696
-75
-2752.5
-228.75
-2757
-204
-2760.5
-299.25
-2765.25
-314.5
-2760
-382.5
-2768.25
-375
-2764.75
-453.5
-2788.75
-422.5
-2749.25
-515.5
-2771.5
-489
-2773.75
-542.75
-2789.5
-504
-2752.75
-588.75
-2759
-547.75
-2762.75
-595.5
-2772.25
-556.5
-2768
-590.5
-2762.25
-572.75
-2771.75
-566.5
-2764.75
-543.75
-2768
-569.75
-2771.5
-596.75
-2761.75
-552.5
-2767.75
-568
-2757.5
-508.5
-2781.5
-512.75
-2751
-454.5
-2783.75
-488
-2741.25
-415.5
-2761.25
-425.5
-2748
-392.5
-2761
-361.75
-2729.5
-218.25
-2772
-442.75
-2744
-171.25
-2765.5
-373
-2733
-211.5
-2764.5
-240
-2737.75
-146.933
-2765.5
-202.5
-2744.5
-21.5
-2178.5
-15.75
-2179
28
-2180.5
-47.5
-2185.5
-41.75
-2183.25
-93.75
-2186.5
-73
-2181.5
-134
-2204.5
-90.75
-2169
-168.25
-2188
-128.5
-2187.25
-179
-2204
-130.75
-2173.5
-202.5
-2180.25
-154.5
-2181.75
-199.75
-2191.5
-160
-2177.75
-197.5
-2181.5
-170
-2184.25
-169
-2177.75
-147.25
-2182.75
-170.5
-2185.5
-200.75
-2184
-159.75
-2187
-181.75
-2172.5
-133.25
-2198
-149.75
-2168.25
-106.25
-2200.5
-151.5
-2159.75
-93
-2186.25
-107.25
-2177.5
-86.75
-2190.25
-72.75
-2159
56
-2196
-195.75
-2170.75
58.5
-2194.5
-159.75
-2170.25
-5.75
-2193.75
-63.25
-2174.5
13.5
-2197.25
-64.25
-2180
98
822
-923.75
815.5
-930.25
806
-1049.25
798.25
-1093.5
797
-1183.25
790.25
-1205.75
788.5
-1305.25
761.75
-1300.75
792
-1414.25
773.25
-1409.25
768.75
-1487.25
748
-1467.25
778
-1567.25
766.5
-1543.5
762
-1605
752.25
-1578.25
763
-1635
758.75
-1618.75
754
-1624.5
759.75
-1607.25
758
-1638.25
754.5
-1665
757.5
-1618.25
755.5
-1632
771.5
-1572.25
746.75
-1566.75
782.75
-1514.25
751.25
-1534
793.25
-1451
769.75
-1436
782.75
-1386.5
773
-1340.5
810.5
-1174.25
778
-1387.75
811
-1094
789
-1265.25
818.25
-1066
800.75
-1072.25
824.5
-939.75
809.75
-962.25
832.75
-744.5
1014.75
-1087.75
1005.25
-1105
998
-1231.25
990
-1285.25
983.75
-1383.5
975.75
-1415.75
975.25
-1522.75
948
-1524.5
978.75
-1644.25
954.25
-1646
951.25
-1730.25
931.75
-1714.75
959.75
-1818.5
948.75
-1796.5
944
-1862.5
933.5
-1840.25
944.25
-1894.5
940.5
-1882.5
936
-1889.75
942.5
-1872
937.5
-1897.75
934.75
-1923.75
939.5
-1875.5
937.5
-1887
953.25
-1822
930.25
-1819
966.25
-1755.5
935.25
-1770.5
978.25
-1680.25
956.25
-1661.25
970
-1605
962
-1551.75
1001.25
-1377.75
969.5
-1583.75
1000.25
-1277.5
983.25
-1441.25
1013.5
-1231
996.5
-1226.25
1022.25
-1086.5
1007.5
-1093.25
1031.25
-865.75
317.5
-292.75
310.25
-254.5
311.75
-326.75
303.75
-329
302.5
-381.25
303.25
-363
302
-428.75
278.5
-389
310.5
-470
295.25
-437.25
291.25
-490.25
280
-443.25
310.25
-525.5
296.25
-480.25
294.25
-528.25
289
-490.75
303
-532.25
292.5
-511.75
289.75
-508.5
296.75
-496.75
288.75
-521.75
287.25
-558.25
288.75
-515.5
292
-544.75
300.75
-493.25
276.25
-510.75
312.25
-471.25
279.5
-513.75
321.25
-454
289.5
-470.75
306
-446
294.5
-432.25
322.75
-297.75
284.25
-549.75
309.75
-290.75
296
-506.5
312.25
-346.25
289.25
-394.5
316.25
-308.5
289
-377.75
310.75
-215.75
-45.5
304.75
-43.75
390
-42.5
359.5
-43.5
401
-39
390
-38.75
445.25
-33
418.75
-53.5
492.25
-16.5
441.75
-34
505.5
-33
480.25
-48
548.75
-14.25
493.5
-22.5
556
-23
525.75
-31.75
577
-19.5
544.75
-23.75
574.5
-26.5
579
-20.25
599.75
-25.75
572
-28.75
534.25
-27.75
565.5
-31.25
530.75
-18.5
566.5
-44.5
533.5
-13.25
554.5
-49.5
493.25
-10.5
529
-38
489.5
-32
483.25
-46.5
469.5
-17.5
567.75
-55.75
284.25
-33
506.25
-58.25
254.25
-39
371.5
-65.25
278.25
-47.75
314.5
-72.25
201.25
-58.25
320.75
1465
-1130.5
1457.5
-1145.75
1450
-1272
1440.25
-1324.5
1435.75
-1426
1428.5
-1458
1427
-1564
1398.75
-1567.5
1428.25
-1688
1406
-1689.5
1402.75
-1774.75
1382.5
-1759.25
1409.25
-1863.25
1399.25
-1842.25
1394.75
-1908
1383.25
-1886.75
1394.75
-1943.75
1390.5
-1929.75
1385.25
-1937.75
1391.75
-1921.5
1386.25
-1946.75
1384.75
-1975.5
1387.5
-1927.75
1386.25
-1940.25
1402.75
-1876.5
1379.5
-1874.5
1414.5
-1811.5
1383
-1826.5
1429.25
-1739
1406.25
-1718.75
1419.25
-1663.5
1411.25
-1608.75
1448
-1436.5
1416.75
-1640.25
1448.5
-1334.5
1432.25
-1498.25
1461.25
-1287.25
1445.5
-1280
1471
-1139.75
1458.75
-1147.5
1481.5
-918.5
-252
982
-245.5
1124.5
-240
1148.5
-236.25
1244.25
-228.75
1283
-223.75
1387
-213.75
1407.5
-230.25
1525
-190.75
1514.25
-204.75
1616
-200
1622.25
-215
1723
-178.75
1697
-184.5
1784.25
-184.25
1773.5
-191.75
1843.25
-178
1828.75
-181.5
1870.25
-184
1881.75
-178
1907
-182.25
1878.75
-186
1838
-187.5
1861.75
-189.75
1817.25
-179.75
1840.75
-207.75
1791.25
-179.75
1793
-216.5
1706.75
-181
1715.75
-209.75
1645.75
-205.75
1609.25
-223.25
1560
-198
1620.5
-239
1293.75
-220.5
1472.25
-250.75
1170.75
-234.5
1239
-265.75
1095
-253
1078
-283
908.25
-272
969
2787.25
-865.5
2781.75
-851.75
2775.5
-946.25
2768
-973.75
2766
-1047.5
2760.25
-1054
2761.25
-1137.5
2735.5
-1119.25
2765.25
-1219
2744.75
-1203.5
2743.25
-1273
2724.5
-1245.25
2753.25
-1336.75
2743.25
-1305.5
2740
-1366.25
2729.75
-1338.5
2740
-1390.5
2736.25
-1375.75
2730.25
-1384.75
2736.5
-1371.25
2730
-1402.25
2728.5
-1436
2730.75
-1396.25
2729
-1417.5
2744.25
-1364.5
2719.5
-1374
2753.25
-1326
2719.25
-1354.5
2762.75
-1284.25
2739
-1282.25
2750.5
-1246.5
2739.5
-1210
2775
-1061.25
2741
-1287.75
2770.5
-1006.5
2752.5
-1194.25
2779.5
-1009.75
2760.5
-1029.75
2784.75
-919
2769.5
-950.5
2793
-754.25
2040.75
278
2042.25
376.75
2043.5
362.5
2043.75
415.25
2048.25
419
2048.5
483.5
2056
470.5
2034.75
552
2072
512.25
2053.25
581.5
2057
562.25
2040.75
636.5
2074.5
584
2067.25
651.25
2066.5
622.5
2057.25
675.5
2071.25
643
2067.25
671.75
2062.75
674.5
2069
691
2063.25
657.75
2060
616.75
2061
643.25
2056.25
602.25
2068.25
632.25
2042
593.5
2072.25
608
2035.5
539.25
2074.25
566.25
2046.25
520.25
2051.25
504.75
2036.75
482.25
2065.75
570.25
2027
278.25
2049.25
488
2024.25
227.5
2043.5
332
2017.75
231.5
2033
256
2009.5
132.25
2022.25
239
2638.5
-30.5
2637.75
56.5
2634.5
13.75
2631.25
49.25
2632.25
44.25
2634.75
93.5
2644
53.5
2622.5
120.25
2658.25
61
2634
117.75
2639.25
87
2619
157.5
2650.5
89
2642.25
145
2641.75
115.25
2632.75
160
2647.5
120.5
2645.75
143.5
2640.5
142.75
2643.5
157.75
2638
123.75
2632
82.25
2635.75
112
2630.5
75.5
2644.25
109.25
2617
77
2648.5
99.25
2615.25
39.25
2654.25
77.5
2626.5
41
2633.5
37
2619.75
29.25
2649.25
130.75
2611.75
-145.25
2633.5
80
2610
-163.75
2638.75
-36.5
2608.25
-120.25
2629
-75
2607.25
-176.5
2622.75
-48.75
2433
325.25
2435.5
430.25
2437.75
420.5
2437.25
478.75
2440.25
487.5
2442.5
556.25
2449
547.5
2429
632.5
2466.25
595.5
2449.5
668.75
2453
653
2438.25
727.5
2470.25
677.75
2462.5
746.75
2462.25
717.75
2454
772.25
2465.75
740.25
2462
767.5
2458.25
769.5
2463
786.25
2456.75
752.25
2453.25
708.25
2455
731
2451
690
2463.75
717.75
2437
675.75
2466.75
686.25
2429.75
613.75
2467.75
638
2439.75
588.25
2446.25
568.5
2430
542
2458.25
624.5
2417.25
328.25
2441
533
2414.5
266.25
2434.25
366.25
2406
260.25
2425
277.75
2398.25
150.75
2413
249.5
