1
0
-0.872665
-0.684162
2.5246
167.393
1
0
-0.785398
-0.684399
-285.336
-221.987
1
0
-0.698132
-0.684927
-393.066
-169.589
1
0
-0.610865
-0.68633
-38.635
-103.032
1
0
-0.523599
-0.686138
-96.9939
-44.1497
1
0
-0.436332
-0.686592
57.807
2.70041
1
0
-0.349066
-0.686481
-44.3766
-36.9601
1
0
-0.261799
-0.689624
492.485
-23.093
1
0
-0.174533
-0.690117
852.121
14.3999
1
0
-0.0872665
-0.689515
313.511
5.85892
1
0
0
-0.688523
0
0
1
0
0.0872665
-0.690292
293.912
-3.74509
1
0
0.174533
-0.690698
492.823
-33.6754
1
0
0.261799
-0.691549
760.07
-71.9126
1
0
0.349066
-0.691958
241.009
-121.458
1
0
0.436332
-0.692137
98.8523
-189.561
1
0
0.523599
-0.693833
168.338
-167.822
1
0
0.610865
-0.695607
404.788
-297.25
1
0
0.698132
-0.69538
-33.2352
-217.488
1
0
0.785398
-0.697879
206.277
-239.982
1
0
0.872665
-0.699918
190.207
-336.302

