-1222.5
-1602.62
-733.75
-1499.75
-653.75
-1635.62
-935.375
-1490.12
-912.875
-1585.75
-1048
-1535.5
-935.125
-1576.12
-1351.12
-1256.25
-1235.25
-1387.75
-987.375
-1582.5
-1209.88
-1395.5
-1340.88
-1248.12
-1515.12
-1054.88
-1072.88
-1354.5
-916.5
-1393.88
-986.875
-1365.5
-1086.25
-1114.5
-790.625
-1460
-974
-1280
-899.5
-1215.88
-672.75
-1946.5
-148.125
-1872.38
-33.625
-2035.25
-284.75
-1917.38
-237.5
-2031.38
-348.5
-2001.25
-626.25
-1743.5
-922.5
-1549
-505.875
-1881.38
-493.125
-1879.38
-639.125
-1720.75
-834.25
-1511.5
-414.25
-1793
-288.25
-1809
-392
-1753.75
-530.375
-1472.25
-275.875
-1785.25
-505.375
-1568.75
-478.25
-1466.12
-514.5
-1904.88
16.125
-1837.25
137.875
-2006.38
-108
-1890.62
-53.625
-2010.75
-164
-1982.12
-435.25
-1729.75
-729
-1536.12
-310.125
-1870.12
-299.625
-1867
-446.875
-1707.88
-644.375
-1496.5
-228.375
-1775.5
-105.75
-1788.62
-214.25
-1729
-358.25
-1444.5
-110.25
-1752
-346.125
-1529.88
-326.875
-1422.25
-975.875
-1270.38
-501.75
-1155
-435.25
-1279.12
-728.75
-1124
-717.25
-1209.88
-863.25
-1150.38
-760.875
-1182.75
-1185.5
-854.75
-1495.12
-648.375
-1086.5
-973
-844.75
-1162.12
-1073
-970.75
-1208.75
-819.125
-1386.62
-622.25
-947.375
-919.625
-792.875
-957.75
-863.125
-928.125
-962.5
-677.125
-665
-1025.25
-846.25
-846.5
-767.125
-785.5
-318.375
-1770.75
228.125
-1716.5
366.625
-1899.12
136.5
-1797.5
205.25
-1931
110.25
-1913.38
255.25
-1981.62
-134.25
-1682.5
-417.125
-1498.75
11.375
-1841.5
38.125
-1852.12
-103.75
-1697.38
-296.125
-1490
122.5
-1772.25
246.375
-1785.88
137.25
-1726.75
-9
-1440.12
236.375
-1745.38
-5.25
-1519.25
7.25
-1406
-272.375
-1800.62
276.625
-1747.62
418.625
-1934.38
191.875
-1835.25
262.625
-1970
170.5
-1954.62
318.375
-2025.12
-71.125
-1727.75
-353
-1543.88
76.625
-1887.25
103.125
-1897.88
-39.375
-1742.12
-233.75
-1534
183.625
-1814.5
305
-1826.75
192.875
-1765.5
44.125
-1476.62
284.75
-1778.62
39.75
-1549.62
48.625
-1433
-712.75
-994.25
-227.75
-889
-146.875
-1023.75
-427.125
-880.5
-403.125
-977.125
-535.125
-929.125
-420.375
-971.625
-833.5
-652.75
-1132.12
-455.5
-712.875
-788.875
-462.125
-986
-682.75
-800.5
-810.875
-654.875
-983.375
-462.625
-539.5
-765
-381.625
-805.375
-450.75
-777.5
-549.25
-527.625
-252.375
-875.125
-435.625
-695.25
-360
-632.125
-434.75
-917.375
51.125
-812.25
132.625
-947.5
-147.5
-803.375
-124.875
-898.125
-259
-848.375
-147.625
-888.875
-565.125
-566
-868.5
-364
-455
-693.5
-211.25
-884.875
-439.125
-694.25
-575.625
-541.75
-756.75
-342.5
-322
-637
-174.125
-669.25
-253.75
-633.375
-363
-374.75
-77.125
-713
-271.125
-524.875
-206.875
-452.5
-353.625
-801
131.875
-695.25
212.75
-829.5
-68.125
-685.5
-45.375
-780.875
-179.75
-731.25
-67.625
-771.125
-484.75
-449
-788.25
-247.125
-374.5
-576.875
-130.125
-769.25
-357.625
-578.25
-493.5
-426.25
-674.25
-227.375
-238.125
-522.75
-90
-556.75
-168.875
-520.875
-277.25
-262.875
9.625
-602
-184.75
-413.625
-119
-342.75
603.125
-1556.12
1191.75
-1535
1372.88
-1752
1180.75
-1681.12
1282
-1841
1216.62
-1847.5
1385
-1934.75
1013.25
-1652.38
743.125
-1479.5
1181.38
-1829.25
1438.38
-2031.75
1209.5
-1842.12
1060
-1682.75
853.5
-1465.38
1255.75
-1733.62
1356.88
-1729.5
1218.75
-1648.25
1040.62
-1337.12
1249.25
-1612.88
965.875
-1354.75
933.75
-1206.62
-849.375
-23
-427.375
135.75
-409.125
52.25
-745.625
243.375
-772.5
189.125
-948.875
274.625
-873.125
263.625
-1315.62
608
-1237
508.375
-996.5
320.375
-1219
508.125
-1341.62
650.5
-1501.25
832.625
-1037.75
517
-854.75
455.75
-889.375
457.25
-947.125
675.125
-604.125
291.125
-734.125
429.625
-600.375
445.5
-851.75
5
-431.875
165.625
-413.875
83.5
-752.375
275.5
-780.25
222.875
-957.875
309.25
-882.875
298.875
-1326.25
643.75
-1249.12
545.25
-1009.12
357.625
-1231.88
545.25
-1353.5
687.25
-1512.62
869
-1049.75
553.75
-865.25
491.875
-898.5
492.875
-954.75
709.625
-611.375
324.875
-739.625
461.5
-604
476.5
277.25
-986.625
807.25
-917.5
930.875
-1087.62
688.625
-975.125
745.625
-1097.62
640.125
-1071.75
775.875
-1132.62
376.625
-825.5
86
-635.125
508.375
-972.5
756.5
-1166.75
525.5
-974.375
380
-816.125
184.375
-606.375
603.125
-888.25
726.75
-902.25
617.875
-842.875
474.25
-558.75
723
-866.25
484.875
-643.25
502.875
-535
-428.375
-280.5
27
-150
80.125
-261.875
-224.5
-97.625
-223.5
-174
-376
-108.625
-280
-136.75
-707.5
196.25
-1019.12
404.5
-610.375
80.125
-367.5
-110.875
-591.625
78.5
-721.375
225.625
-892.125
417.125
-444.125
112
-280
65.25
-339
86.125
-424.875
326
-112.5
-33.375
-278.125
132.375
-182.25
179
201.75
-877.375
722.625
-801.375
838.375
-963.875
588.125
-844.875
638.375
-962.125
527.625
-932
659
-989
256.125
-679.125
-37
-485.875
384.375
-822.375
632.75
-1017
402.125
-825
259
-668.375
66.375
-461
488.75
-745.75
618
-764.125
515.375
-709.25
379.125
-430.5
636.375
-745.125
407.625
-529.75
435.25
-428.875
686.375
-1321.38
1255.75
-1284.5
1418
-1486.12
1207.88
-1400.62
1293.38
-1545.88
1212.62
-1540.75
1367.5
-1617.12
982.625
-1324.25
702.375
-1142.62
1131
-1484.5
1379.38
-1680
1144
-1485.12
990.375
-1321.12
781.5
-1101.62
1182.12
-1368
1284.12
-1364.88
1147.75
-1284.75
973.25
-977.125
1188
-1256.5
910.5
-1003.5
888.25
-862.625
856.625
-1297
1437.38
-1266.62
1406
-1396.62
1498.62
-1548.25
1423.75
-1547.62
1203.12
-1338.62
925.875
-1159
1356.62
-1502.88
1370.38
-1504.12
1214.5
-1339.25
1003.25
-1117.38
1400
-1381.88
1496.88
-1374.5
1355.25
-1289.62
1174.62
-976.5
1380.25
-1250.88
1095.38
-990.875
1063.38
-842.25
-444.875
83.125
-6.5
227.25
31.125
128.125
-288
305.5
-300
239.25
-462.75
313.375
-375.125
292.625
-808.375
631.125
-1124
842.75
-717.75
520.25
-475.5
329.875
-697.375
517.5
-821.5
661.875
-986.25
847.625
-530.125
536.375
-355.875
481.375
-402.5
492.375
-474.25
721.875
-145.625
347.875
-294.125
500.625
-178.75
531.75
-135.125
-190.875
333.125
-72.375
400.125
-194.625
105.375
-37.875
116.875
-123.625
-27.375
-65.375
75.75
-98.625
-346.375
229.625
-653.75
435.125
-242
106.875
2
-85.5
-223.875
104.75
-355.125
254.25
-530.25
448.875
-87
146.25
70.25
105.125
2.75
132.5
-93.5
379.875
208.125
29.125
30.625
204.25
112.375
262.125
387.25
-698.375
920.375
-631.875
1050
-806
812.75
-697.75
875.125
-823.875
776.25
-803.25
918.125
-869.25
525.375
-568.5
242
-383.125
671.625
-727.125
927.75
-927.75
704
-741
565.875
-588.75
378.125
-384.625
804.25
-673.25
936
-693.625
834.375
-639.5
697.125
-361.5
953.375
-674.75
721.5
-457.25
745
-353.375
-184.625
-116.125
276.875
9.125
337
-107.875
36.75
52.875
43.125
-27.875
-105.125
34
-5.5
3
-430.875
334.375
-740.5
541.5
-330.125
214.5
-86.5
22.625
-311.625
212.75
-441.875
361.125
-614.875
554.375
-169.125
250
-8.625
206.125
-72.125
230.25
-163
473.75
144
117.875
-27.875
289.375
61.375
341
110.25
-391.125
604.625
-293.75
697.75
-438
427.625
-302
460.5
-405
335.875
-362.375
455.25
-410
44.875
-92
-253
104.875
166.5
-229.875
415.5
-426.375
189.875
-237.125
55
-86
-126
113
309.625
-183.375
455.5
-215.25
372.75
-176.125
258.875
84.875
540.875
-250.5
339.125
-55.375
396.125
21.375
-439.25
301
-11
453
16.75
362.75
-311.875
547.875
-330.75
488.125
-499.875
568
-418.875
552
-856.375
894.5
-1175.25
1109.25
-771.375
787.875
-529.75
598.125
-751
785.625
-873.125
928.625
-1034.25
1113
-574.75
798.5
-395.375
739
-435.5
745.25
-498.875
967.875
-162.625
587.375
-300.875
732.125
-175.375
755.375
-709.375
676.875
-313.25
857.125
-316.25
791.125
-673.875
998.875
-718.25
961
-909.125
1058.5
-846.875
1058.5
-1298.62
1410.75
-1230.38
1320.12
-992.875
1134.25
-1211.5
1321.12
-1327.5
1458.75
-1479.62
1635.25
-1005.75
1313.12
-809.75
1241.62
-827.875
1229.75
-866.375
1433.25
-503.125
1031.38
-609.375
1150.88
-448.875
1146.25
522
-504.625
1042.38
-427.75
1158.75
-590.5
908.375
-471.25
959.25
-588.75
848.125
-557
979
-614.125
575.75
-304.25
281.75
-110.625
703.75
-447.375
951.5
-642.125
720.75
-449.25
577.125
-292.25
383.625
-84.25
807
-369.125
935.25
-387.375
831.75
-331.75
695.125
-53.25
951.5
-367.875
721.625
-151
748.25
-49.75
172.25
-46.875
650.625
63.125
728.875
-69.25
445.25
78.75
465
-13.625
329.25
37.875
439.75
-1.625
21.875
323.25
-281.875
526.125
133.25
194.375
379.5
0.625
153.125
190.25
19.125
341.375
-158.75
539.125
280.625
238.125
432.625
201.375
357.5
235.375
252.5
489.125
545.75
144.25
356.375
329.875
426.875
396
-596.875
790.375
-199.75
968.5
-199.625
901.125
-553.125
1108.12
-595.375
1067.5
-785.25
1163.88
-720.25
1162.12
-1169.5
1512.88
-1497.62
1734.62
-1098.88
1420.38
-860.375
1233.75
-1078.75
1419.12
-1195
1557
-1346.12
1732.12
-872.75
1410.12
-676.5
1339
-695.625
1327.38
-734.5
1532.38
-373.875
1129.88
-480.5
1250.38
-322.375
1247.88
737.375
-401.625
1268
-332.375
1395.25
-503.75
1154.5
-392.5
1212.62
-515.875
1109.38
-491.375
1246.88
-553.25
848.375
-247.625
558.75
-57.875
985
-397.75
1235.12
-593.875
1004.88
-402.375
861
-246.125
666.375
-36.875
1087.5
-320.25
1213.12
-336.25
1104.5
-277.125
961.875
5.25
1212.88
-303.625
974.625
-81.375
993.75
25.875
665.875
-233.125
1181.25
-152.625
1293.75
-311.75
1039.88
-189.25
1085.5
-303.375
972.25
-270.625
1100.75
-324.625
695
-12.75
400.25
182.375
821.125
-154.5
1068.5
-349.25
837.625
-156.5
694.625
0.5
502.875
208.375
927.875
-79.75
1058.75
-99.625
958.5
-46.375
823.375
229.375
1085.12
-88.5
858.5
125.875
890.5
222.125
737.125
-271
1258.25
-194.625
1376.75
-359.375
1127.5
-241
1177.5
-358.375
1067.88
-328.375
1199.88
-385.5
795.75
-75.375
502.125
118.5
925.125
-218.875
1173.12
-413.625
941.125
-220.875
797.125
-63.5
603
145.125
1025.88
-140.25
1153.5
-157.625
1049.38
-101.625
910.125
177.625
1167.25
-136.25
934.625
82.375
960.375
183.875
179.125
382.25
635.75
508.25
695.75
391.875
393.75
555.5
398.625
476.5
249.125
539.875
347.5
509.25
-77.875
843.375
-387.75
1052.62
22.5
723.5
266.125
530.125
40.875
721
-88.125
869.625
-260.25
1063.25
186.25
755.5
348
709.75
286.5
732.375
197.125
976.375
507
615.375
336.625
786.75
428.125
835.75
-62.375
689.5
367.5
839.25
401.125
742.875
77.375
927
61.75
864
-104
942.375
-20.875
924.375
-455
1267.62
-771.875
1482.12
-368.125
1158.75
-127.375
967.25
-347.75
1156.25
-470.375
1300.5
-632.375
1485.62
-175.5
1170.5
0.625
1113
-41.625
1120.75
-109.125
1347.88
224
966.75
81.75
1116.12
202.5
1142.25
-183.125
820.625
232.375
980.875
253.25
896.625
-82.625
1090
-109.125
1036.12
-283.625
1121
-208
1110
-647
1456.5
-968.125
1673.88
-567.25
1354.62
-327.75
1165
-547.5
1353.25
-667.75
1495
-825.5
1677.25
-363.375
1359.12
-181.25
1296.38
-214.625
1297.5
-270.625
1516.62
71.25
1126.88
-57.25
1266.12
76.625
1281.88
174.5
734.5
617.25
870.75
664.625
764.625
352
939
346.5
867.25
190.875
938
282.125
913.25
-145.625
1251.75
-456.375
1463.62
-49
1134.88
194.875
940.125
-26.125
1129
-149.625
1274.62
-314.375
1463.38
138.25
1148.25
309.125
1094.88
259.625
1108.5
183.125
1343
507.375
967.875
352.5
1127
460.375
1162.5
349.75
900.5
802
1027.38
860.625
912.25
557.25
1079.62
562.875
1000.12
414.625
1063.88
515
1031.12
94.375
1366
-208.25
1573.88
204.25
1236.62
454.25
1035.75
237.125
1222.38
117
1365.5
-44.875
1553
409.625
1233.25
581.375
1177.75
532.125
1191.75
453.5
1426.88
777.5
1051.88
619
1213.38
723.125
1251.62
257.75
1017.38
686.25
1162.88
722.625
1065.5
397.875
1251.5
383.375
1188.25
217.625
1267.62
300.875
1249.5
-132.375
1595.5
-447.375
1811.75
-47.625
1487.12
191.5
1295.12
-30.5
1486.88
-153.75
1633.75
-316.25
1822
134.75
1506.12
306.5
1449.62
262.625
1460
192.75
1692.12
520.75
1308.12
375.625
1462.5
491.75
1489.62
473.875
1061.88
912.125
1198.25
960.5
1090.5
644.375
1269.88
638.25
1199.12
479.625
1272.38
568.25
1248.25
139.5
1593.75
-170.875
1809
231
1479.5
471
1283.75
247.625
1478.62
122.375
1627.38
-43.25
1820
403.25
1502.75
569.875
1449.5
518.625
1465.75
439
1705.5
762
1325.75
604.75
1489.12
709.75
1525.88
356.75
1226.5
780.75
1372.5
814.875
1276.75
489.375
1467.25
473
1405
307.125
1486.38
387.875
1468.38
-42.5
1817.25
-355
2034.12
42.125
1709.75
279.375
1515.5
59.875
1708.88
-61.125
1854.38
227.875
1724.12
401.25
1665
359.625
1673.38
293
1904.75
623.375
1513.88
480.75
1667.75
599.75
1692.62
707.25
1429.62
1145
1558.25
1193.75
1452.75
873.625
1636
868.125
1566
710.75
1642.38
799.625
1616.5
372.5
1972.12
463.5
1854.75
704.5
1652.62
483.25
1851.62
360.375
2003.5
639.375
1869.88
807.75
1810.88
758.75
1827
1008.75
1677.25
849.625
1843
955.5
1873.25
1033.88
1258.25
1501.88
1366.38
1276.25
1401
1289.38
1316.5
1146
1376.75
1249.12
1340.88
818.875
1682.25
513
1904
926.5
1554.88
1175.75
1356.25
944.75
1552.38
809.375
1707.75
631.875
1913.88
1080.25
1588.62
1238
1543.5
1168.38
1573.88
1060.75
1825
1378.5
1465.25
1191.12
1646.88
1272.12
1701
1429.62
594.625
1478.38
480.25
1366
512.625
1498.5
455.125
1094
765.75
801.25
959.5
1233.62
613.75
1490.88
414
1266
599.375
1131.38
748.5
946.75
949.5
1386.88
650
1521.56
621.401
1440.38
664.125
1316.12
930.5
1376.62
805
1403.18
883.333
1297.38
1381.88
1310.38
1296.5
1167.5
1356.88
1273.12
1319.75
841.875
1660.38
536
1882.25
950.25
1532.12
1199.5
1333.25
968.125
1529.88
832.5
1685
653.375
1892
1101.25
1568.5
1258.5
1524.12
1188.5
1554.5
1079.38
1806
1395.12
1448.25
1207.62
1630.88
1286.75
1685
