267.035
-1848.76
-111.202
1140.92
-1766.67
-9.93732
1283.93
-1634.53
-4.08741
110.785
-1434.28
-11.5735
1526.63
-1407.49
-120.781
1606.13
-1401.49
-118.106
294.194
-1054.65
-134.598
423.902
-817.742
-27.8082
412.536
-676.574
-33.3531
2424.64
-655.71
-125.121
-948.058
-386.244
-31.5335
-981.089
-365.328
-29.2377
1349.4
-421.054
-30.9517
-188.467
-319.573
-36.1217
1157.65
-384.081
-35.6036
2156.4
-421.511
-14.3027
2343.04
-292.807
-18.7248
-551.675
-47.9735
-47.9191
79.3228
-65.0464
-37.6334
1328.39
-127.243
-139.836
-57.6097
-37.8083
-35.1072
614.128
-65.411
-75.0298
-764.362
124.914
-42.8335
-1463.48
245.656
-31.2357
1164.79
108.172
-26.0149
314.543
240.72
-44.0831
-1424.96
405.192
-42.8024
1352.54
324.825
-50.3457
1067.88
408.753
-22.1309
1189.73
424.607
-21.5714
-110.114
578.096
-33.2179
-690.787
665.768
-39.7138
-971.174
690.617
-34.0041
-426.5
849.394
-59.691
-289.128
1088.42
-133.388
-655.709
1121.58
-12.352
-434.971
1291.42
-15.436
-728.91
1347.18
-18.8823
-491.797
1722.08
-25.8074
56.1502
1792.82
-17.8319
905.39
1262.4
-118.629
90.6459
1790.8
-10.2324
